CFE CFEServers CFE11,CFE12,CFE13 73320 86400 20180101,20180330,20180704,20181225
CME CHIServers CHI13,CHI14,CHI15,CHI16 78000 86400 20180101,20180330,20181225
EUREX FR2Servers FR13,FR14,FR15,FR16 19200 86400 20180101,20180102,20180330,20180402,20180501,20181225,20181226
ASX ASXServers ASX11,ASX12 76800 86400 20180101,20180330,20180402,20181225,20181226
BMF BMFServers BMF11,BMF12,BMF13,BMF14,BMF15 37800 86400 20180101,20180212,20180213,20180330,20180501,20180531,20180907,20181012,20181102,20181115,20181225,20180101
ICE ProdServers BSL11 17400 86400 20180101,20180330,20181225,20180101,20180102,20180108,20180223,20180308,20180501,20180509,20180612,20181105
LIFFE ProdServers BSL12 17400 86400 20180101
MICEX ProdServers MOS12 24300 86400 20180101,20180102,20180108,20180223,20180308,20180501,20180509,20180612,20181105
NSE INDServers IND11,IND12,IND13,IND14 7200 86400 20180126,20180213,20180302,20180329,20180330,20180501,20180815,20180822,20180913,20180920,20181002,20181018,20181108,20181123,20181225
OSE TOKServers OSE13,OSE14 82800 86400 20180101,20180102,20180103,20180108,20180212,20180321,20180430,20180503,20180504,20180505,20180716,20180811,20180917,20180924,20181008,20181103,20181123,20181224,20181231
RTS ProdServers MOS13 23400 86400 20180101,20180102,20180108,20180223,20180308,20180501,20180509,20180612,20181105
SGX SGXServers SGX11,SGX12 80400 86400 20180101,20180330,20180501,20180529,20181106,20181225
TMX TORServers TOR11,TOR12,TOR13 22800 86400 20180101,20180219,20180330,20180521,20180702,20180806,20180903,20181008,20181112,20181225,20181226
