####################### CME  
UB_0 636 5000 5000
UB_1 659 5000 5000
NKD_0 299 900 900
NKD_1 345 900 900
NIY_0 360 900 900
NIY_1 303 900 900
YM_0 412 1000 1000
YM_1 361 1000 1000
ZB_0 550 10000 10000
ZB_1 1537 10000 10000
ZF_0 654 1000 1000
ZF_1 924 1000 1000
ZN_0 800 10000 10000
ZN_1 1300 10000 10000
TN_0 43966 10000 10000
TN_1 824 10000 10000
ZT_0 614 1000 1000
ZT_1 1121 1000 1000
GE_0 6000 1000 1000
GE_1 6000 1000 1000
GE_2 6000 1000 1000
GE_3 6000 1000 1000
GE_4 1509 1000 1000
GE_5 1086 1000 1000
GE_6 758 1000 1000
GE_7 1547 1000 1000
GE_8 2989 1000 1000
GE_9 8890 1000 1000
GE_10 8841 1000 1000
GE_11 9036 1000 1000
GE_12 28556 1000 1000
GE_13 5855 1000 1000
GE_14 6446 1000 1000
GE_15 271 1000 1000
GE_16 2926 1000 1000
SP_GE0_GE1 6000 1000 1000
SP_GE1_GE2 6000 1000 1000
SP_GE2_GE3 6000 1000 1000
SP_GE3_GE4 6000 1000 1000
SP_GE4_GE5 6000 1000 1000
SP_GE5_GE6 6000 1000 1000
SP_GE6_GE7 6000 1000 1000
SP_GE7_GE8 6000 1000 1000
SP_GE8_GE9 6000 1000 1000
SP_GE9_GE10 6000 1000 1000
SP_GE10_GE11 6000 1000 1000
SP_GE11_GE12 6000 1000 1000
NQ_0 524 1000 1000
NQ_1 519 1000 1000
GC_0 473 1000 1000
GC_1 397 1000 1000
SI_0 235 1000 1000
SI_1 385 1000 1000
HG_0 452 1000 1000
HG_1 276 1000 1000
CL_0 987 1000 1000
CL_1 524 1000 1000
CL_2 6000 1000 1000
CL_3 6000 1000 1000
CL_4 6000 1000 1000 
SP_CL0_CL1 6000 1000 1000
SP_CL1_CL2 6000 1000 1000 
SP_CL1_CL3 6000 1000 1000 
RB_0 452 1000 1000
RB_1 290 1000 1000
RB_2 323 1000 1000
BZ_0 675 1000 1000
NG_0 6000 1000 1000
NG_1 2333 1000 1000
NG_2 6000 1000 1000
NG_3 6000 1000 1000
NN_0 6000 1000 1000
QM_0 22771 1000 1000
HO_0 365 1000 1000
HO_1 94994 1000 1000
HO_2 6000 1000 1000
ES_0 321 1000 1000
ES_1 330 1000 1000
6A_0 821 1000 1000
6A_1 1656 1000 1000
6B_0 327 1000 1000
6B_1 35306 1000 1000
6C_0 315 1000 1000
6C_1 333 1000 1000
6E_0 405 1000 1000
6E_1 17845 1000 1000
6J_0 299 1000 1000
6J_1 35767 1000 1000
6M_0 267 1000 1000
6M_1 527 1000 1000
6N_0 413 1000 1000
6N_1 6000 1000 1000
6S_0 297 1000 1000
6S_1 35667 1000 1000
ZW_0 6000 1000 1000
ZW_1 6000 1000 1000
ZW_2 6000 1000 1000
ZW_3 6000 1000 1000
XW_0 6000 1000 1000
KE_0 403 1000 1000
KE_1 355 1000 1000
KE_2 6000 1000 1000
ZC_0 6000 1000 1000
ZC_1 6000 1000 1000
ZC_2 6000 1000 1000
ZS_0 6000 1000 1000
ZS_1 6000 1000 1000
ZS_2 6000 1000 1000
ZL_0 6000 1000 1000
ZM_0 6000 1000 1000
####################### MX  
SXF_0 718 1000 1000
SXF_1 1001 1000 1000
CGB_0 902 1000 1000
CGB_1 825 1000 1000
CGF_0 1000 1000 1000
CGZ_0 1000 1000 1000
BAX_0 1480 1000 1000
BAX_1 1113 1000 1000
BAX_2 1172 1000 1000
BAX_3 1149 1000 1000
BAX_4 1269 1000 1000
BAX_5 1069 1000 1000
BAX_6 873 1000 1000
BAX_7 938 1000 1000
BAX_8 802 1000 1000
BAX_9 1000 1000 1000
SP_BAX0_BAX1 452 1000 1000
SP_BAX1_BAX2 792 1000 1000
SP_BAX2_BAX3 2562 1000 1000
SP_BAX3_BAX4 460 1000 1000
SP_BAX4_BAX5 1000 1000 1000
SP_BAX5_BAX6 1000 1000 1000
####################### BMF  
DI1V15 850 1500 1500
DI1V18 1158 1500 1500
DI1V19 3000 1500 1500
DI1F15 850 1500 1500
DI1F16 850 1500 1500
DI1F17 1271 1500 500
DI1F18 1903 1500 1500
DI1F19 2686 1500 1500
DI1F20 3635 1500 1500
DI1F21 3574 1500 1500
DI1F22 3000 1500 1500
DI1F23 2493 1500 1500
DI1F24 2770 1500 1500
DI1F25 3110 1500 1500
DI1F26 3110 1500 1500
DI1F27 2339 1500 1500
DI1N14 850 1500 1500
DI1N15 850 1500 1500
DI1N16 850 1500 1500
DI1N17 1622 1500 1500
DI1N18 2881 1500 1500
DI1N19 4051 1500 1500
DI1J19 4196 1500 1500
DI1N20 2908 1500 1500
DI1N21 2900 1500 1500
DI1N22 850 1500 1500
DI1N23 850 1500 1500
DI1N24 850 1500 1500
DI1N25 850 1500 1500
DI1G15 850 1500 1500
DI1G16 850 1500 1500
DI1G17 850 1500 1500
DI1G18 850 1500 1500
DI1G19 850 1500 1500
DI1G20 850 1500 1500
DI1G21 850 1500 1500
DI1G22 850 1500 1500
DI1G23 850 1500 1500
DI1G24 850 1500 1500
DI1G25 850 1500 1500
DI1J15 850 1500 1500
DI1J16 850 1500 1500
DI1J17 850 1500 1500
DI1J18 1294 1500 1500
DI1J20 850 1500 1500
DI1J21 850 1500 1500
DI1J22 850 1500 1500
DI1J23 850 1500 1500
DI1J24 850 1500 1500
DI1J25 850 1500 1500
BR_DOL_0 1994 1000 1000
BR_DOL_1 5580 1000 1000
BR_IND_0 1161 1000 1000
BR_IND_1 1099 1000 1000
BR_WDO_0 2996 1000 1000
BR_WIN_0 2031 1000 1000
DR1_0 850 1000 100
BR_ISP_0 850 1000 1000
####################### EUREX  
FVS_0 118 250 250
FVS_1 126 250 250
FVS_2 111 250 250
FVS_3 100 250 250
FVS_4 101 250 250
FVS_5 147 250 250
FVS_6 144 250 250
FVS_7 119 250 250
FBTP_0 149 250 250
FBTP_1 778 250 250
FBTS_0 254 250 250
FDAX_0 462 250 250
FDAX_1 295 250 250
FDXM_0 123 250 250
FDXM_1 179 250 250
FBON_0 250 250 250
FESB_0 169 250 250
FESX_0 169 250 250
FESX_1 776 250 250
FGBL_0 213 300 300
FGBL_1 777 300 300
FGBM_0 191 250 250
FGBM_1 200 250 250
FGBS_0 231 180 180
FGBS_1 141 180 180
FGBX_0 401 200 200
FGBX_1 359 200 200
FOAT_0 338 150 150
FOAT_1 364 150 150
FOAM_0 150 150 150
FSMI_0 150 150 150
FSMI_1 150 150 150
FSTB_0 134 250 250
FSTG_0 250 250 250
FXXP_0 165 250 250
FXXP_1 223 250 250
FEU3_0 250 250 250
FEU3_1 250 250 250
FEU3_2 250 250 250
FEU3_3 250 250 250
FEU3_4 250 250 250
FEU3_5 250 250 250
FEU3_6 250 250 250
FEU3_7 250 250 250
FEU3_8 250 250 250
FEU3_9 250 250 250
FEU3_10 250 250 250
FEU3_11 250 250 250
FEU3_12 250 250 250
FEU3_13 250 250 250
FEU3_14 250 250 250
FEU3_15 250 250 250
FEU3_16 250 250 250
FEU3_17 250 250 250
FEU3_18 250 250 250
FEU3_19 250 250 250
FEU3_20 250 250 250
FEU3_21 250 250 250
FEU3_22 250 250 250
FEU3_23 250 250 250
FEU3_24 250 250 250
####################### LIFFE  
JFFCE_0 243 3000 3000
KFFTI_0 263 1500 1500
KFFTI_0 263 1500 1500
LFI_0 2079 1250 1250
LFI_1 300 1250 1250
LFI_2 300 1250 1250
LFI_3 300 1250 1250
LFI_4 300 1250 1250
LFI_5 300 1250 1250
LFI_6 300 1250 1250
LFI_7 300 1250 1250
LFI_8 300 1250 1250
LFI_9 300 1250 1250
LFI_10 300 1250 1250
LFI_11 1261 1250 1250
LFI_12 300 1250 1250
LFL_0 300 1250 1250
LFL_1 300 1250 1250
LFL_2 300 1250 1250
LFL_3 300 1250 1250
LFL_4 300 1250 1250
LFL_5 300 1250 1250
LFL_6 300 1250 1250
LFL_7 300 1250 1250
LFL_8 300 1250 1250
LFL_9 300 1250 1250
LFL_10 300 1250 1250
LFL_11 300 1250 1250
LFL_12 300 1250 1250
LFR_0 632 300 300
LFZ_0 714 300 300
SP_LFI0_LFI1 2500 1250 1250
SP_LFI0_LFI2 2500 1250 1250
SP_LFI1_LFI2 2500 1250 1250
SP_LFI1_LFI3 2500 1250 1250
SP_LFI2_LFI3 2500 1250 1250
SP_LFI2_LFI4 2500 1250 1250
SP_LFI3_LFI4 2500 1250 1250
SP_LFI3_LFI5 2500 1250 1250
SP_LFI4_LFI5 2500 1250 1250
SP_LFI4_LFI6 2500 1250 1250
SP_LFI5_LFI6 2500 1250 1250
SP_LFI5_LFI7 2500 1250 1250
SP_LFI6_LFI7 2500 1250 1250
SP_LFI6_LFI8 2500 1250 1250
SP_LFI7_LFI8 2500 1250 1250
SP_LFI7_LFI9 2500 1250 1250
SP_LFI8_LFI9 2500 1250 1250
SP_LFI8_LFI10 2500 1250 1250
SP_LFI9_LFI10 2500 1250 1250
SP_LFI9_LFI11 2500 1250 1250
SP_LFI10_LFI11 2500 1250 1250
SP_LFI10_LFI12 2500 1250 1250
SP_LFI11_LFI12 2500 1250 1250
SP_LFL0_LFL1 2500 1250 1250
SP_LFL0_LFL2 2500 1250 1250
SP_LFL1_LFL2 2500 1250 1250
SP_LFL1_LFL3 2500 1250 1250
SP_LFL2_LFL3 2500 1250 1250
SP_LFL2_LFL4 2500 1250 1250
SP_LFL3_LFL4 2500 1250 1250
SP_LFL3_LFL5 2500 1250 1250
SP_LFL4_LFL5 2500 1250 1250
SP_LFL4_LFL6 2500 1250 1250
SP_LFL5_LFL6 2500 1250 1250
SP_LFL5_LFL7 2500 1250 1250
SP_LFL6_LFL7 2500 1250 1250
SP_LFL6_LFL8 2500 1250 1250
SP_LFL7_LFL8 2500 1250 1250
SP_LFL7_LFL9 2500 1250 1250
SP_LFL8_LFL9 2500 1250 1250
SP_LFL8_LFL10 2500 1250 1250
SP_LFL9_LFL10 2500 1250 1250
SP_LFL9_LFL11 2500 1250 1250
SP_LFL10_LFL11 2500 1250 1250
SP_LFL10_LFL12 2500 1250 1250
SP_LFL11_LFL12 2500 1250 1250
YFEBM_0 488 1000 1000
YFEBM_1 340 1000 1000
YFEBM_2 338 1000 1000
XFC_0 1100 1100 1100
XFC_1 1100 1100 1100
XFRC_0 1100 1100 1100
XFRC_1 1100 1100 1100
####################### HKEX  
HSI_0 3303 2000 1000
HSI_1 3743 2000 1000
MHI_0 7000 7000 7000
MHI_1 7000 7000 7000
HHI_0 4662 2000 1000
HHI_1 2519 2000 1000
MCH_0 7000 7000 7000
MCH_1 7000 7000 7000
####################### MICEX  
VTBR 3000 3000 3000
SBER 3000 3000 3000
MGNT 3000 3000 3000
LKOH 3000 3000 3000
GAZP 3000 3000 3000
GMKN 3000 3000 3000
ROSN 3000 3000 3000
SNGS 3000 3000 3000
TATN 3000 3000 3000
USD000UTSTOM 828 4000 4000
USD000TODTOM 4000 4000 4000
USD000000TOD 907 4000 4000
EUR_RUB__TOM 375 4000 4000
EUR_RUB__TOD 399 4000 4000
####################### RTS  
RI_0 1332 2500 2500
Si_0 781 2500 2500
ED_0 1906 2500 2500
Eu_0 2500 2500 2500
OX_0 2500 2500 2500
OV_0 2500 2500 2500
O2_0 2500 2500 2500
O4_0 2500 2500 2500
O6_0 2500 2500 2500
SR_0 2500 2500 2500
MX_0 591 2500 2500
GD_0 1107 2500 2500
BR_0 572 2500 2500
BR_1 818 2500 2500
LK_0 2500 2500 2500
VB_0 2500 2500 2500
GZ_0 2500 2500 2500
GM_0 2500 2500 2500
RN_0 2500 2500 2500
####################### BMFEQ  
VALE5 1000 1000 1000
ITUB4 1000 1000 1000
####################### OSE  
NK_0 113 5000 30000
NK_1 211 5000 30000
NKMF_0 133 5000 30000
NKM_0 117 5000 30000
NKM_1 117 5000 5000
JGBL_0 123 5000 30000
JGBL_1 129 5000 30000
TOPIX_0 107 5000 30000
TOPIX_1 136 5000 30000
TOPIXM_0 178 5000 30000
JP400_0 133 5000 30000
###################### TSE  
TPX_0 5000 5000 30000
JGB_0 5000 5000 30000
##### CFE ##### 
VX_0 790 1000 1000
VXE_0 537 1000 1000
VX_1 519 5000 3500
VX_2 428 5000 3500
VX_3 542 5000 3500
VX_4 579 2500 2000
VX_5 2500 2500 2000
VX_6 2500 2500 2000
VX_7 2500 2500 2000
VSW1_0 2500 2500 2000
VSW2_0 2500 2500 2000
VSW3_0 2500 2500 2000
VSW4_0 2500 2500 2000
SP_VX0_VX1 2260 2500 2000
SP_VXE0_VXE1 2038 2500 2000
SP_VX1_VX2 1688 2500 2000
SP_VX2_VX3 2238 2500 2000
SP_VX3_VX4 988 2500 2000
SP_VX4_VX5 2500 2500 2000
#### ESPEED #### 
usg_02Y 350 350 350
usg_03Y 350 350 350
usg_05Y 350 350 350
usg_07Y 350 350 350
usg_10Y 350 350 350
usg_30Y 350 350 350
###ASX###   
BOVA11 1000 1000 1000
ABEV3 1000 1000 1000
ALLL3 1000 1000 1000
RUMO3 1000 1000 1000
BBAS3 1000 1000 1000
BBDC3 1000 1000 1000
BBDC4 1000 1000 1000
BBSE3 1000 1000 1000
BRAP4 1000 1000 1000
BRFS3 1000 1000 1000
BRKM5 1000 1000 1000
BRML3 1000 1000 1000
BRPR3 1000 1000 1000
BVMF3 1000 1000 1000
CCRO3 1000 1000 1000
CESP6 1000 1000 1000
CIEL3 1000 1000 1000
CMIG4 1000 1000 1000
CPFE3 1000 1000 1000
CPLE6 1000 1000 1000
CRUZ3 1000 1000 1000
CSAN3 1000 1000 1000
CSNA3 1000 1000 1000
CTIP3 1000 1000 1000
CYRE3 1000 1000 1000
DTEX3 1000 1000 1000
ECOR3 1000 1000 1000
ELET3 1000 1000 1000
ELET6 1000 1000 1000
EMBR3 1000 1000 1000
ENBR3 1000 1000 1000
ESTC3 1000 1000 1000
EVEN3 1000 1000 1000
FIBR3 1000 1000 1000
GFSA3 1000 1000 1000
GGBR4 1000 1000 1000
GOAU4 1000 1000 1000
GOLL4 1000 1000 1000
HGTX3 1000 1000 1000
HYPE3 1000 1000 1000
ITSA4 1000 1000 1000
ITUB4 1000 1000 1000
JBSS3 1000 1000 1000
KLBN11 1000 1000 1000
KROT3 1000 1000 1000
LAME4 1000 1000 1000
LIGT3 1000 1000 1000
LREN3 1000 1000 1000
MRFG3 1000 1000 1000
MRVE3 1000 1000 1000
MULT3 1000 1000 1000
NATU3 1000 1000 1000
OIBR4 1000 1000 1000
PCAR4 1000 1000 1000
PDGR3 1000 1000 1000
PETR3 1000 1000 1000
PETR4 1000 1000 1000
POMO4 1000 1000 1000
QUAL3 1000 1000 1000
RENT3 1000 1000 1000
SANB11 1000 1000 1000
SBSP3 1000 1000 1000
SUZB5 1000 1000 1000
TBLE3 1000 1000 1000
TIMP3 1000 1000 1000
UGPA3 1000 1000 1000
USIM5 1000 1000 1000
VALE3 1000 1000 1000
VALE5 1000 1000 1000
VIVT4 1000 1000 1000
ELPL4 1000 1000 1000
RLOG3 1000 1000 1000
RSID3 1000 1000 1000
RLOG3 1000 1000 1000
ANIM3 1000 1000 1000
BBTG11 1000 1000 1000
BEEF3 1000 1000 1000
BRSR6 1000 1000 1000
EQTL3 1000 1000 1000
GETI4 1000 1000 1000
IGTA3 1000 1000 1000
MDIA3 1000 1000 1000
MPLU3 1000 1000 1000
MYPK3 1000 1000 1000
ODPV3 1000 1000 1000
PSSA3 1000 1000 1000
QGEP3 1000 1000 1000
RADL3 1000 1000 1000
SEER3 1000 1000 1000
SULA11 1000 1000 1000
TAEE11 1000 1000 1000
TOTS3 1000 1000 1000
VLID3 1000 1000 1000
VVAR11 1000 1000 1000
WEGE3 1000 1000 1000
RAIL3 1000 1000 1000
FNAM11 1000 1000 1000
KLBN4 1000 1000 1000
MILS3 1000 1000 1000
PMAM3 1000 1000 1000
PRML3 1000 1000 1000
RAPT4 1000 1000 1000
SDIL11 1000 1000 1000
SGPS3 1000 1000 1000
SMTO3 1000 1000 1000
SULA11 1000 1000 1000
SUZB5 1000 1000 1000
TAEE11 1000 1000 1000
TCSA3 1000 1000 1000
TEND3 1000 1000 1000
TIMP3 1000 1000 1000
TOTS3 1000 1000 1000
UGPA3 1000 1000 1000
VALE3 1000 1000 1000
VALE5 1000 1000 1000
VIVT4 1000 1000 1000
VLID3 1000 1000 1000
VVAR11 1000 1000 1000
WIZS3 1000 1000 1000
#ASX   
XT_0 1351 10000 10000
YT_0 2404 10000 10000
XTE_0 1351 10000 10000
YTE_0 2404 10000 10000
XTE_1 1351 10000 10000
YTE_1 2404 10000 10000
AP_0 746 10000 10000
IR_0 22017 10000 10000
IR_1 33417 10000 10000
IR_2 48190 10000 10000
IR_3 31205 10000 10000
IR_4 10000 10000 10000
SP_XT0_YT0 3590 10000 10000
#NSE
NSE 1000 1000 1000
#BSE
BSE 1000 1000 1000
#HK Stocks
HKSTOCKS 1000 1000 1000
#SGX
SGX_CN_0 634 5000 5000
SGX_CN_1 5000 5000 5000
SGX_IN_0 2778 5000 5000
SGX_IN_1 5000 5000 5000
SGX_AJ_0 5000 5000 5000
SGX_AJ_1 5000 5000 5000
SGX_AU_0 5000 5000 5000
SGX_AU_1 5000 5000 5000
SGX_US_0 5000 5000 5000
SGX_US_1 5000 5000 5000
SGX_IU_0 2871 5000 5000
SGX_IU_1 5000 5000 5000
SGX_KU_0 5000 5000 5000
SGX_KU_1 5000 5000 5000
SGX_NK_0 644 5000 5000
SGX_NK_1 103 5000 5000
SP_SGX_NK0_NK1 731 5000 5000
SGX_NKF_0 5000 5000 5000
SGX_NKF_1 5000 5000 5000
SGX_TW_0 969 5000 5000
SGX_TW_1 5000 5000 5000
SGX_SG_0 5000 5000 5000
SGX_SG_1 5000 5000 5000
KOSPI_0 4000 4000 4000
