1611805502.314514
rej 7
1611805502.499900


1611805504.446498
rej 1
1611805504.460703
rej 4
1611805504.544993


1611805505.496061
rej 2
1611805505.511330

1611805505.514316
rej 3
1611805505.589638


1611805506.547428
rej 2
1611805506.561372

1611805506.564456
rej 3
1611805506.641657


1611805507.599932
rej 2
1611805507.611384

1611805507.614531
rej 3
1611805507.693000


1611805508.653200
rej 1
1611805508.653515

1611805508.661570
rej 4
1611805508.744482


1611805509.707911
rej 5
1611805509.797241


1611805510.775790
rej 5
1611805510.847437


1611805526.876848
rej 1
1611805526.881656


1611805527.927446
rej 1
1611805527.931668


1611805557.307512
rej 1
1611805557.322851
1611805557.331147
rej 1
1611805557.382888


1611805558.364542
rej 1
1611805558.383433


1611805559.416408
rej 1
1611805559.435503


1611805560.476714
rej 1
1611805560.485652
