22055
22176
22167
22107
22055
22062
22084
22097
22110
22096
22575
22314
22231
22202
22117
22033
22043
22157
22035
22059
22043
22172
22015
21968
22044
22035
22059
22027
22087
22026
21988
22049
22040
22300
22015
22297
22583
22023
22040
22050
22076
22039
22025
22010
21977
22068
22073
22281
22038
21943
22625
22078
22120
22057
22067
22080
22108
22053
22321
22028
22041
22153
22109
22050
22053
22035
22035
22122
22261
22205
22117
22508
22509
22474
22080
22110
22119
22206
22320
22260
22201
22135
22115
21983
22031
22083
22048
22487
22050
22166
22088
21946
22354
22049
22056
22249
22033
22041
22042
22003
22095
22106
22069
22442
22423
22646
22640
22031
22107
22058
22086
22702
22723
22630
22414
22403
22333
22312
22301
22233
22219
22024
22098
22083
22077
22213
22157
22509
22021
22021
22527
22522
22498
22442
22413
22076
22074
22193
22200
22201
22134
22075
21998
22396
22091
22110
22698
22683
22676
22655
21949
22021
22051
22005
22062
22056
22078
22016
22035
22132
22122
22020
22085
22070
22056
22152
22033
22096
22101
22085
22038
22037
22189
22264
22464
22418
22367
22090
22084
22076
22156
22411
22042
22506
21981
22219
22201
22172
22155
22147
22073
22057
22047
22380
22047
22037
22019
22152
22241
22232
22232
22225
22186
22181
22079
22050
22105
22748
22157
22029
22064
21990
22024
22333
22299
22018
22033
22256
22250
22675
22679
22605
22519
22491
22411
22405
22403
22389
22303
22263
22230
22230
22052
22081
22048
21995
22096
22524
22530
22533
22533
23217
22285
22212
22026
22014
22287
22222
22106
22129
22029
22053
22053
22171
22054
22047
22122
22051
22104
22089
22042
22002
22027
22074
22004
22210
22099
22065
22151
22179
22213
22210
22095
22032
22055
22042
22060
22035
22063
22134
22020
22099
22457
22706
22555
22536
22514
21982
22086
22065
22105
22078
22741
22708
22716
22133
22313
22267
22058
23205
23182
22155
22632
22639
22017
22071
22083
22054
22019
22038
22040
22035
22503
23794
23726
23723
23643
22797
22717
22433
22377
22329
22132
22118
22022
22028
22062
22066
22078
22608
22616
22607
22001
22125
22070
22149
22131
22062
22031
21992
22036
22058
22007
22045
22059
22087
22027
22033
22773
22273
22240
22548
22512
22672
22056
22094
22043
22262
22203
22111
22098
22062
22024
22039
22074
22058
22244
22246
22014
23392
23311
23322
23305
23215
23185
23189
23173
23180
22011
22036
22114
22093
22102
22504
22495
22081
22066
22319
22322
22233
22755
22741
22160
22111
22633
22636
22623
22663
22639
22119
22082
22056
22015
22073
22087
22081
22121
22050
22106
22409
22422
22436
22430
22388
22284
22269
22037
22090
22008
21999
22014
22170
22158
21977
22667
22647
22045
22063
22024
22029
22097
22669
22680
22588
22591
22585
22088
22099
22089
22076
22073
22009
22043
22156
22367
22035
22041
22654
22613
22221
22029
22349
22314
22242
22067
22050
22040
22008
22004
22070
22056
22053
22313
22318
22027
22046
22190
22085
22126
22092
22526
22535
22733
22140
22127
22078
22048
21999
22004
22428
22357
22681
22658
22474
22450
22055
22116
22312
22019
22057
22092
22086
22021
22127
22763
22100
22036
22007
22028
22010
22107
22041
22326
22254
22035
21997
22081
22036
22053
22087
22037
22106
22246
22017
22017
22185
22049
22126
22025
22156
22072
22034
22053
22007
22001
22058
22019
22021
22034
22379
22600
22046
22126
22363
22701
22057
22326
22477
22072
22073
22206
22049
22088
22029
22191
22076
22057
22105
22050
22061
22032
22053
22089
22336
22320
22259
22629
22635
22551
22546
21974
21979
22134
22054
22119
22100
22220
22214
22064
22074
22015
22034
22041
22025
22475
22034
22075
22220
22220
22067
22033
22533
22017
22054
22044
22092
22094
22108
22219
22132
22128
22368
22526
22492
22420
22393
22407
22251
22195
22190
22171
22179
22163
22155
22099
22064
22131
22032
22011
22028
22500
21968
22166
22079
22254
22245
22424
22390
22340
22304
22871
22823
22003
22013
22084
22086
22122
22025
22400
22399
22100
22113
22014
22237
22213
22139
22048
22051
22355
22345
22702
23084
22882
22874
22833
22363
22256
22178
22100
22104
22098
22072
22088
21998
23030
22102
22086
22057
22399
22241
22168
22743
22117
22112
22947
22071
22050
22086
22131
22714
22583
22587
22522
22521
22090
22134
22090
22075
22559
22559
22034
21969
22043
22076
22807
22081
22514
22485
22380
22340
22352
22274
22264
22007
22284
22792
22012
22514
22500
22487
22458
22071
22059
22025
22066
22055
22106
22114
22248
22036
22062
22079
22034
21991
22039
22013
22048
22236
23908
22445
22037
22207
22051
22054
22125
22077
22402
22000
22046
22070
22270
22296
22782
22746
22017
22256
22265
22047
22038
22685
22596
22535
22368
22303
22078
22059
22021
22138
22025
22055
22037
22035
22365
22292
22224
22018
22075
22224
22740
22663
22156
22127
22051
22064
22068
22046
22051
22063
22042
22270
22256
22061
22145
22114
22173
22134
22042
22001
22096
22068
22029
22087
22182
24112
22170
22100
22041
22125
22431
22083
22057
22008
22318
22230
22064
22068
22142
22105
22136
22293
22092
23109
23043
22998
22815
22785
22038
22124
22242
22185
22020
22136
22106
22101
22646
22045
22120
22178
22484
22469
22339
22536
22432
22440
23063
22993
22077
22078
22883
22831
22704
22044
22082
22378
22362
22001
22046
22135
22094
22043
22021
21957
21996
22052
22093
22087
22069
22034
22017
22721
22655
22608
22568
22579
22561
22077
22021
22067
22053
22049
22284
22214
22145
22056
22006
22079
22194
22142
22134
22134
22068
22057
23079
23031
23012
22021
22041
22174
22057
22015
22207
22059
22078
22039
22221
22035
22359
22358
22068
22140
22937
22808
22066
22084
22091
22186
22141
22058
22196
22114
22003
22019
22071
22410
22683
22035
22054
22071
22011
22108
22074
22027
22035
22124
22038
22067
22078
22125
22139
22100
22142
22138
22147
22014
22168
22128
22129
22032
22033
22024
22112
22140
22104
22007
22026
22027
22033
22057
22772
22761
22174
22183
22094
22031
21998
22038
22006
22132
21990
21991
22082
22099
22111
22036
22228
23297
23279
23066
22932
22898
22848
22026
22081
22067
22527
22498
22036
21987
22011
22397
22350
21990
22090
22097
22100
22045
22024
22077
22096
22121
22094
22042
22086
21993
22034
23251
23172
23176
23135
22127
22120
22019
22026
22008
22206
22126
22010
22029
22088
22095
22031
22120
22066
22017
22051
22142
22140
22120
22013
22064
22213
22194
22183
22160
22050
22048
22122
22099
22105
22028
22076
22029
22039
22056
22033
22050
22075
22088
22040
22157
22114
22041
22156
22766
21992
22252
22236
22096
22063
21988
22071
22402
22399
22368
22684
22677
22076
22045
22447
22014
22049
22046
22278
22283
21988
22017
22051
22066
22054
22063
22054
22581
22535
22521
22220
22203
22449
22442
22021
22092
22038
22065
22058
22005
22112
22078
22044
22165
22119
22236
22223
22231
22236
22229
22218
22203
21992
22365
22286
22056
22049
22125
22595
22690
22086
21990
22239
22142
22144
22132
22056
22054
22175
22469
22422
22389
22832
22006
22126
22107
22049
22051
22037
22049
22319
22130
22113
22072
22054
22034
22119
22122
22105
22045
22034
21996
22062
22383
22329
22007
22616
22626
22542
22525
22480
22416
22399
21985
22149
22102
22108
22335
22045
22357
22351
22038
22046
22077
22050
22050
21989
22268
22048
22024
22150
22095
22429
22574
22328
22346
22324
22178
22164
22167
22143
22184
22108
22136
22087
22199
22056
22133
22056
22050
22802
22820
22776
22751
22016
22055
22171
22146
22129
22124
22645
22652
21995
22125
22069
22687
22690
22692
22427
22033
22411
22053
22015
22050
22127
22090
22087
22148
22041
22039
22104
22557
22464
22453
22051
22072
22352
22207
22046
22109
22067
22271
22283
22381
22392
21973
22129
22098
22060
22024
22646
22598
22130
22500
22476
22435
22428
22415
22405
22374
22361
22356
22066
22069
22054
22046
22034
22204
22198
22328
22214
22302
22265
22008
22015
22064
22066
22041
22517
22507
22456
22413
22192
23010
23003
23021
23014
23026
23000
22011
22059
22044
22027
22100
22073
22539
22542
22068
22151
22154
22166
22075
22170
22064
22072
22039
22691
22139
22137
22015
22055
22061
22292
22270
21992
22117
22082
22058
22059
22379
22367
22269
22246
22051
22032
21983
22086
22063
22229
22240
22052
22059
22023
22028
22064
22065
22648
22182
22074
22150
22137
22120
22369
22046
22010
22018
22090
22314
22031
22080
22254
22033
22389
22417
22424
22038
22076
22380
22335
22316
22295
22268
22070
22234
22152
22149
22457
22317
22300
22290
22300
22283
22215
22205
22313
21994
22119
22456
22399
22379
22390
22046
22029
22861
22861
22780
22781
22780
22711
22600
22140
22116
22059
22055
22013
22791
22635
22130
22164
22128
22120
22127
22102
22098
22307
22303
22142
22127
22337
22339
22101
22591
22731
22183
22108
22001
22703
22676
22056
22030
22006
22065
22030
22079
22364
22323
21988
22051
22134
22079
22438
22448
22373
22306
22074
22048
22075
22087
22453
22094
22055
22018
22085
22285
22156
22157
22145
22024
22091
22093
22065
22126
22053
22031
22047
22064
22074
22055
22039
22603
22409
22354
22028
21947
22058
22070
22904
22892
22060
22077
22068
22048
22042
22201
22003
22045
22053
22062
22089
22014
22126
22054
22231
22034
22374
22299
22793
22695
22656
22421
22357
22305
22303
22058
22081
22060
22530
22513
22414
22355
22068
22027
22062
22061
22016
22022
22040
21996
22418
22504
22029
22063
22007
22270
22270
22144
22191
22385
22423
22028
22496
22500
22035
22458
22012
22970
22957
22959
22942
22911
22859
22677
22599
22399
22037
22093
22049
22711
22679
22674
22658
22670
22651
22376
22022
22019
22042
22506
22465
22465
22219
22205
22040
22020
22051
22039
22050
22044
22210
22834
22792
22741
22058
22045
22076
22055
22464
22428
22429
22425
22079
22590
22181
22108
22149
22159
22136
22043
22172
22153
22034
21985
22063
22058
22028
22697
22679
22026
22827
22827
22804
22806
22797
22743
22090
22143
22155
22189
22019
22079
22037
22538
22037
22056
22058
22088
22075
22084
22048
22097
22100
22096
22066
22072
22027
21972
22581
22149
22337
22453
22425
22019
22055
22151
22086
22098
22443
22161
22126
22294
22251
22254
22168
22150
22051
22074
21982
22022
22806
22798
22783
22713
22243
22059
22225
22205
22201
22060
22437
22294
22030
22013
22031
22076
22082
22123
22107
22046
21994
21991
22114
22050
22029
22309
22304
22569
22571
22557
22078
22077
22382
22363
22720
22668
22623
22513
22492
22046
22135
22039
22053
22508
22495
22796
22098
22066
22061
22023
22036
22030
22244
22157
22152
22687
22508
22126
22275
22225
22202
22364
22370
22328
22288
22266
22063
22400
22302
22296
22303
22109
22113
22050
21995
22439
22381
22382
22372
22366
22358
22016
22075
22105
22095
22069
22044
22047
22768
22754
22746
22739
22701
22676
22684
22864
22007
22719
22698
22683
22108
22114
22089
22086
22066
22501
22477
22485
22462
22447
22440
22445
22418
22399
22380
22345
21981
21984
22011
22487
22479
22922
22907
22914
22894
22887
22860
22869
22880
22880
22878
22102
22100
22145
22146
22189
22188
22192
22165
22098
22103
22039
22050
22130
22113
22125
22133
22120
22087
22161
22127
22018
22014
22001
22186
22019
21998
22173
22221
22351
22344
22713
22638
22625
22203
22171
22125
22120
22108
22089
22086
22052
22065
22087
22084
22046
22054
22093
22191
22152
22670
22668
22678
22671
22651
22462
22082
22189
22183
22008
22115
22128
22118
22083
22259
22226
22067
22077
22070
22078
22066
22071
22184
22027
22086
22079
22133
22146
22232
22216
21970
22025
22070
22133
22193
21962
22054
22013
22100
22027
22000
22048
22116
22208
22208
22259
22226
22496
22067
22059
22682
22094
22071
22062
22101
22068
22130
22278
22411
22354
22348
22328
22364
22320
22854
22582
22570
22148
22119
22369
22357
22347
22314
22146
22082
22249
22005
22217
22213
22192
22079
22344
22353
22339
22256
22130
22870
22580
22066
22074
22070
22097
22281
22288
22139
22139
22168
22155
22154
22125
22110
22395
22371
22170
22158
22692
22055
22069
22558
22505
22063
22085
22061
22058
22043
22057
22161
22002
22031
22123
22163
22131
22047
22116
22085
22024
22118
22108
22061
22062
22036
22142
22164
22021
22443
22072
22071
22004
22071
22304
22304
22382
22367
22260
22217
22045
22063
21997
22277
22170
22398
22336
22057
22329
22109
22044
22032
22012
22029
22063
22083
22024
22025
22159
22102
22099
22393
22348
22353
22688
22659
22034
22174
22133
22093
22600
22075
22084
22072
22056
22274
22247
22172
22078
22084
22075
22045
22054
22068
22242
22214
22197
22620
22045
22064
22074
22111
22077
22060
22135
22082
22252
22252
22036
22058
22134
22461
22715
22032
22154
22162
22504
22404
22111
22131
22123
22119
22106
22525
22501
22437
22371
22354
22050
22054
22107
22118
22055
22322
22305
22114
22037
22298
22230
22208
22297
22058
22022
22946
22041
21991
22075
22118
22003
22052
22048
22268
22230
22031
22123
22879
22112
22115
22057
22049
22107
22212
22184
22115
22080
22008
22064
22667
22539
22519
22501
22701
22709
22600
22519
22045
21991
22067
22332
22245
22235
22039
22058
22237
22138
22123
21998
23073
23072
23073
23021
22024
22085
22169
22119
22160
22907
22106
22060
21995
22072
23197
23141
22053
22023
22185
22139
22714
22092
22097
21961
22153
22172
22161
22102
22002
21979
22829
22819
22731
22708
22693
22685
22631
22109
22117
22347
22347
22297
22220
22317
22229
22232
22183
22195
22014
22034
22449
22111
21979
22265
22253
22229
22229
22166
22735
22034
22082
22076
22075
22072
22023
22190
22319
22021
22021
22025
22072
22114
22314
22311
22689
22459
22286
22241
22338
22341
22267
22066
22037
22583
22479
22486
22462
22473
22127
22038
22041
22175
22121
22132
22136
22109
22073
22168
22137
22242
22148
21997
22719
22649
22633
22023
22013
22090
22066
22168
22115
22109
22031
22156
22135
22263
22246
22232
22208
22400
22395
22249
22166
22362
21990
22206
22217
22087
22143
22714
22649
22642
22635
22026
22047
21999
22098
21989
22016
22011
22199
22058
22048
22649
22604
22597
22579
22573
22220
22209
22025
22058
22031
22042
22543
22013
22019
22049
22112
22120
22132
22078
22008
22475
22054
22065
21995
22071
22042
22103
22015
22064
22301
22290
22646
22596
22499
22514
22101
22066
22321
22270
22055
22122
22069
22028
22134
22386
22372
22316
22266
22209
22156
22136
22024
22018
21989
22183
22156
22290
22242
22250
22245
22261
22222
22639
22037
22139
22126
22112
22079
22046
22127
22105
22037
22244
22072
22054
22030
22066
22131
22602
22477
22382
22362
22353
22033
22050
22095
23231
23213
23144
23133
22191
22110
22110
22771
22067
21995
22226
22077
22085
22279
22264
22183
22027
22032
22101
22023
22484
22442
22149
22140
22141
22621
22585
22569
22554
22532
22467
22250
22248
22184
22195
22102
22076
23322
23252
23250
22046
21992
22206
22218
22089
22101
22072
22121
22126
22008
21996
22270
22065
22053
22009
22209
22180
22037
22055
22419
22394
22021
22558
22558
22525
22496
22492
22496
22074
22016
22118
22128
22116
22104
22115
22116
22136
22139
22046
22027
22045
22066
23320
23277
23180
23182
22012
22112
22190
22188
22031
22041
22400
22444
22377
23090
23074
22138
22080
22127
22128
22139
21999
22249
22264
22265
22072
22041
22002
22034
22253
22025
22041
22011
22262
22239
22094
22256
22028
22014
22011
22021
22127
22013
21989
22016
22224
22150
22175
22053
22053
22653
22648
22514
22044
22001
22092
22090
22077
22078
22497
22455
22460
22139
22134
22059
22058
22149
22054
22056
22035
22108
22100
22082
22669
22447
22445
22469
22448
22341
22312
22146
22141
22028
22026
22073
22032
22296
22064
22198
22176
22160
22099
22095
22069
22063
22100
22044
22028
22065
22034
22024
22060
22040
22146
22137
22133
22124
22092
22075
22056
22066
22064
22051
22055
22028
22002
22057
22097
22100
22235
22218
22174
22223
22016
22014
22260
22065
22027
21981
22058
22335
22031
22020
22064
22038
22529
22513
22058
22066
22080
22075
22120
22324
22233
22048
22677
22083
22062
21980
22006
22013
22234
22325
22333
22861
22836
22780
22689
22262
22248
22075
22074
22067
22203
22197
22215
22210
22087
22750
22695
22648
22640
22719
22625
22047
22030
22221
22216
22118
22025
23264
23198
23188
22043
22731
22734
22703
22568
22532
22116
22121
22107
22009
22031
22015
22063
22082
22070
22053
22044
22097
22025
22162
22162
22271
22256
22406
22346
22314
22279
22030
22153
22108
22103
22178
22182
22104
22200
22483
22133
22126
22075
22067
22079
22060
22035
22014
22094
22257
22229
22219
22197
22197
22252
22218
22208
22211
22336
22117
22033
22070
22049
22039
22064
22053
22557
22564
22539
21985
22062
22137
22138
22138
22116
22069
22029
22032
22033
22080
22029
22114
22057
22122
22842
22841
22849
22798
22108
22097
22109
22050
22038
22048
22007
22012
22237
22193
22201
22097
21997
22063
22176
22173
22271
22255
22206
22016
21967
22069
22023
22487
22478
22407
22292
22284
22226
22195
22074
22083
22017
22032
22075
22030
22044
22078
22743
22706
22015
22012
22566
22730
22708
22038
22095
22192
22190
22190
22065
22022
22119
22165
22159
22098
22017
22038
22113
22103
22075
22081
22090
22096
22066
22033
22044
22083
21986
22029
22027
22398
22356
22349
22348
22349
22005
22655
21989
22005
22076
22061
22026
22027
22020
22053
22050
22070
22057
22049
22107
21973
22034
22061
22045
22828
22048
22068
22319
22286
22258
22194
22193
22182
22013
22007
22077
22075
22065
22070
22486
22393
22339
22068
22060
22057
22075
22054
22091
22145
22070
22070
22142
22455
22445
22436
22444
22392
22342
22373
22376
22051
22076
22115
22106
22123
22240
22173
22476
22065
22110
22571
22555
22513
22067
22100
22053
22135
22108
22368
23559
23050
23015
23019
22345
22544
22534
22496
22500
22403
22103
22376
22505
22079
22064
22165
22166
22133
22127
22053
22051
22349
22259
22184
22001
22049
22073
22753
22090
22596
22008
22089
22561
22536
22055
22029
22038
22064
21997
22019
22044
22021
22031
22095
22108
22089
22009
22269
22257
22192
22103
22118
22042
22082
22018
22202
22079
22284
22124
22044
22143
22103
22082
22122
22035
21994
22275
22134
22072
22029
22079
22232
22198
22112
22111
22058
22040
22034
22087
22024
22061
22070
22071
22453
22422
22278
22004
22105
21995
23020
22105
22222
22081
22482
22372
22036
22038
22061
22014
22051
22042
22060
22069
22036
22013
22115
22288
22187
22064
22008
22046
22029
21970
22043
21980
21979
22256
22224
22123
22067
22170
22074
22081
22059
21978
21988
22153
22170
22094
22245
22159
22019
22089
22040
22090
22090
22081
22057
22166
22111
22076
22042
22005
22319
22070
22750
22120
22034
22048
22020
22041
22032
22061
22054
22081
22374
22346
22174
22104
22142
22008
22013
22059
22002
22042
22026
22005
22038
22076
22154
22059
22045
22026
22025
23225
23225
23211
23200
22169
22140
22036
22086
22068
22038
22024
22043
22441
22345
22681
22667
22671
22782
22714
21987
22016
22187
22187
22128
22043
22137
22112
22029
22029
22180
22008
22099
22527
22536
22490
22468
22443
22456
22380
22280
22280
22126
22131
22041
22586
22538
22157
22486
23110
23096
22062
22266
22249
22262
22240
22040
22008
22000
22063
22012
22067
22014
22010
22095
22269
22096
22055
22042
22034
22611
22618
22488
22503
22017
22030
22035
22374
22146
22031
22457
22731
22734
22083
22081
22246
22119
22036
22175
22274
22642
22625
22549
21995
22072
22071
22578
22485
22352
22033
22061
22123
22014
22162
22041
22046
22408
22088
22079
22089
22066
22112
22087
22006
22468
22377
22038
22076
22037
22082
22108
22096
22009
22019
22104
22613
22574
22449
22296
22091
22023
22447
22102
22059
22058
22082
22220
22067
22061
22129
22056
22057
22275
22173
22188
22071
22100
22116
22612
22582
22588
22080
22030
22032
22066
22027
22219
22169
22345
22328
22108
22075
22029
22048
22726
22689
22562
22526
22474
22013
22048
22018
22026
22018
22014
22370
22578
22344
22244
22025
22050
22025
22017
22062
22044
22210
22349
22301
22251
22169
22050
22052
22832
22106
22170
22069
22073
22058
21960
22068
22165
22071
22057
22056
21997
22063
22654
22640
22026
22040
22133
22036
22156
22143
22009
22169
22171
22381
22368
22350
22129
22082
22081
22117
22178
22024
21999
22723
22658
22653
22113
22026
22034
22006
22065
21992
22020
22100
22246
22638
22633
22034
22053
22077
22273
22269
22209
21982
22175
22136
22117
22635
22160
22041
22040
22031
22293
22288
22282
23328
23235
23239
22047
22031
22035
22480
22455
22058
22064
22052
22116
22028
22022
22042
22118
22565
22574
22579
22021
22043
21997
22136
22432
22438
22446
22429
22433
22002
22080
23019
23000
22995
22991
22989
22978
21987
22062
22462
22394
22131
22143
22128
22112
22537
22079
22243
22253
22213
22775
22075
22038
22009
22111
22128
22150
22161
22183
22261
22238
22320
22309
22241
22249
22662
22606
22082
22096
22108
22101
22762
22566
22050
22087
21993
22163
22091
22082
22075
22139
22125
22069
22072
22019
22133
22017
22232
22203
22150
22144
22503
22470
22222
22192
22164
22087
22018
22030
22014
22298
22282
22058
22023
22076
22089
22107
22154
22147
22038
22048
22557
22494
22503
22450
22027
22048
22068
22076
22045
22048
22031
22049
22056
22042
22041
22231
22078
22068
22741
21983
22299
22000
22092
22055
22043
22173
22056
22153
22137
21963
22103
22099
22084
22225
22196
22533
22543
22468
22465
22434
22557
22488
22627
22582
22588
22587
22074
22241
22217
22192
22125
22099
22069
22110
22398
22398
22190
22492
22049
22150
22010
22061
22638
22023
22055
22187
22154
22149
22112
22738
22723
22211
22388
22371
22355
22749
22728
22733
22723
22022
22019
22037
22111
22079
22061
22045
22033
22060
22142
22113
22090
22814
22761
22714
22027
22068
22126
22084
22125
22115
22287
22283
22267
22557
22532
22677
22680
22672
22633
21991
21982
22032
22065
22058
22017
22031
22093
22261
22221
22092
22079
22046
22068
22061
22017
22049
22111
22147
22096
22069
22713
22613
22572
21981
22047
22036
22021
22578
22534
22547
22096
22106
22040
22031
22016
22008
22030
22044
22061
22077
22124
22272
22219
22021
22054
22030
22009
22123
22006
22184
22065
22123
22045
22050
22011
22062
22663
21991
22247
22506
22014
22053
22034
22076
22709
22653
22045
22059
22666
22108
22128
22074
22119
22090
22054
22040
22740
22377
22325
22009
22047
22177
22025
21987
22009
22235
22217
21997
21999
22034
22171
22585
22579
22467
22032
22140
22127
22562
22560
22443
22102
22112
22045
22090
22156
22038
22010
22774
22733
22049
22047
22048
22249
22218
22407
22737
23062
22166
22035
22083
22001
22139
22029
22334
22328
22215
22672
22664
22471
22070
22049
22307
22006
22014
22011
22046
22057
22091
22059
22085
22066
22068
22168
22040
22399
22347
22212
22219
22010
22054
22517
22497
22463
22155
22247
22234
22337
22347
22576
22064
22071
22070
22064
22038
22452
22454
22433
22057
21994
22155
22140
22048
22065
22052
22070
22015
22063
22270
22656
22659
22488
22003
21994
22057
22378
23136
23134
23138
23028
22959
22858
22369
22511
22514
22480
22470
22168
22335
22328
22296
22274
22274
22047
22057
22422
22417
22409
22354
22024
22026
22031
22029
22192
22431
22436
22390
22037
22634
22624
23507
23508
23480
22048
22147
22053
22043
22044
22059
22059
22048
22001
22479
22421
22414
22084
22344
22315
22089
22102
23779
23682
23664
23653
23635
22035
22017
22272
22250
22586
22626
22768
22775
22113
22118
22120
22166
22169
22153
22011
22077
22417
22405
22381
22378
22026
22297
23073
23061
23054
22031
22113
22084
22082
22502
22110
22048
22064
22296
22286
22023
22469
22452
22421
22086
22090
22247
22186
22188
22145
22041
22002
22089
22129
22198
22170
22057
22057
22032
22520
22494
22341
22121
22089
22069
22655
22635
22606
22151
22126
22609
22568
22549
22502
22485
22444
22437
22430
22386
22376
21964
22056
22058
22119
22141
22009
22073
22068
22061
22087
22079
22610
22500
22069
22076
22069
22673
22665
22673
22074
22065
22063
22419
22400
22395
22046
22039
22048
22104
22101
22095
22072
22058
22042
22052
22793
22770
22534
22274
22083
22292
22280
22289
22279
22120
22092
22064
22108
22046
22079
22054
22086
22035
22053
22319
21973
22024
22028
22042
22059
22074
22016
21997
22032
22068
22097
22291
22267
22268
22276
22267
22111
22110
22087
22237
22227
22110
21994
21998
22143
22040
22067
22072
22085
22165
22120
22103
22072
22064
22103
22063
22331
22313
22807
22774
22755
22730
22021
22059
22038
22050
22039
22065
22042
22031
22246
22227
22216
22202
22444
22377
22039
22058
22776
22777
22091
22051
22140
22696
22704
22717
22663
22639
22107
22333
22263
22044
22093
22012
22045
22027
22027
22021
22017
22174
22077
22076
22635
22809
22804
22785
22785
22751
22730
22723
22069
22006
22039
22522
22436
22109
22105
22076
22102
22075
22068
22104
22125
22425
22394
22383
22500
22465
22329
22338
22307
22284
22228
22233
22225
22207
22213
22195
22190
22193
22343
22003
22021
22033
22358
22000
22045
22537
22546
22557
22548
22444
22442
22390
22213
22187
22148
22078
22771
22077
22268
22198
22190
22704
22672
22631
22116
22110
22078
22278
22275
22055
22073
22137
22113
22087
22062
22137
22128
22067
22060
22030
22049
22074
22056
22076
22655
22650
22585
22217
22015
22020
22056
22047
22117
22118
22154
22101
22334
22103
22072
22039
22097
22132
22092
22082
22025
22082
22070
22006
22046
22108
22097
22180
22058
22029
21994
22457
22346
22607
21992
22113
22019
22010
21981
22159
22189
22117
22484
22723
22518
22065
22039
22032
22018
22236
23141
23142
22870
22011
22085
22131
22795
22797
22784
22733
22094
22059
22039
22111
22112
22078
22206
22182
22159
22093
22103
22100
22094
22079
22071
22078
22095
22053
22053
22022
22129
22124
22123
22113
22331
22303
22282
22669
22638
22593
22582
22501
22034
22053
22074
22046
22057
22056
22466
22435
22213
22075
22062
22554
22027
22067
22053
22091
22547
22532
22539
22653
22304
22086
22151
22074
22034
22012
22087
22264
22496
22491
22418
22375
22301
22287
22333
22314
22305
22289
22278
22028
22159
22097
22616
22592
22469
23147
23146
22250
22171
22166
22156
22063
22377
22339
22339
22065
22100
22413
22440
22435
22404
22394
22394
22356
22280
22264
22255
22198
22049
22033
22048
22294
22289
22228
22234
22204
22726
22070
22069
22102
22082
22172
22119
22103
22896
22897
22871
22849
22834
22810
22811
22537
22472
22413
22410
22388
22339
22323
22067
22700
22099
22008
22095
22502
22439
22413
22850
22738
22050
22030
22117
22121
22173
22689
22631
22053
22045
22311
22305
22298
22288
22136
22024
22000
22187
22449
22065
22084
22059
22062
22141
22138
22126
22107
22071
22785
22063
22106
22333
22342
22348
22360
22247
22197
22356
22292
21992
22034
22029
22020
22052
22111
22102
22273
22261
22131
22075
22078
22722
22706
22250
22226
22144
22152
22065
22256
22433
22428
22428
22433
21954
22046
22084
22305
22309
22075
22195
22195
22259
22255
22047
22034
22865
22306
22302
22301
22246
22369
22366
22377
22338
22329
22032
22016
22056
22123
22709
22018
22089
22017
22012
22008
22441
22422
22368
22351
22348
22092
23009
22997
22971
22929
22897
22886
22846
22838
22829
22744
22053
22122
22116
21985
22160
22150
22147
22489
22460
22465
22379
22706
22679
22668
22045
22059
23110
23121
23113
23104
23059
23046
23001
23018
22959
22936
22237
22232
22088
22179
22137
22146
21977
22013
22063
22112
22069
22209
22660
22086
22084
22069
22309
22311
22299
22609
22590
22588
22555
22682
22682
22622
22013
22006
22307
22222
22203
22181
22052
22178
22183
22121
22105
22027
22026
22454
22413
22953
22971
22585
22574
22859
22840
22825
22813
22786
22776
22710
22161
22107
22108
22109
22065
22053
22019
22270
22043
22086
22189
22183
22797
22084
22143
22109
22065
22061
22095
22318
22331
22318
22304
22012
22051
22300
21993
22042
22016
22063
22062
22061
22248
22137
22129
22083
22164
22103
22038
22127
22140
22050
22038
22040
22339
22904
22774
22759
22753
22738
22699
22053
22058
22050
22164
22166
22065
22061
22052
22233
22688
22524
22124
22110
22290
22516
22520
22106
22291
22211
22082
22056
22089
22318
22065
22005
22023
22063
22057
22034
22060
22183
22158
22151
22623
22544
22385
22273
22054
22342
22268
22107
22041
22052
22083
22252
22202
22021
22107
22006
22045
22036
22148
22060
22049
22260
22297
22175
22111
22199
22141
22231
22522
22025
22041
22063
22061
22019
22152
22091
22103
22015
21991
22121
22106
22263
22187
22166
22069
22231
22587
22468
22434
22081
22101
22095
22016
22027
22037
22031
22085
22098
22117
22027
22099
22190
22030
22144
22115
22040
22070
22036
22481
22066
22187
22023
22050
22049
22633
22029
22035
22028
22073
22097
22335
22149
22730
22045
22139
22131
22024
22208
22055
22714
22678
22559
22065
22101
24636
24631
24454
22047
22031
22028
22010
22017
22003
22039
22241
22053
22039
22072
22090
22034
22074
22075
22023
22584
22446
22345
22611
22589
22581
22025
22711
22714
22568
22584
22577
22463
22009
22247
22253
22157
22127
22031
22010
22016
22007
22033
22077
22045
22023
22101
22725
22079
22144
22097
22105
22056
22055
22056
22009
22041
22112
22246
22799
22769
22764
22377
22372
22342
22018
22709
22068
22020
22042
22347
22345
22382
22113
22129
22527
22526
22823
22781
22094
22087
22071
22055
22104
22047
22009
22028
22114
22125
22108
22054
22099
22076
22147
21947
22038
22294
22046
22361
22438
22036
22054
21981
22036
22017
22049
22269
22178
22151
22122
22704
22056
22040
22125
22116
22064
22176
22057
22059
22200
22864
22839
22756
22045
22048
22045
22254
22109
22001
22037
22029
22095
22229
22215
22431
22657
22018
22031
22067
22008
22034
22036
22013
22039
22036
22229
22059
22194
22046
22022
22120
22146
22906
22007
22454
22796
22747
22754
22698
22699
22169
21979
22035
22427
22403
22079
22067
22211
22698
22033
22041
22079
22108
22077
22043
22021
22000
22041
22168
22068
22033
22073
22050
22033
22045
22067
22072
22032
22119
22146
22135
22327
22020
22170
22124
22301
22286
22050
22062
22189
22504
22030
22083
22007
22065
22108
22097
22086
22104
22050
22081
22042
22049
22264
22131
22026
22001
22062
22094
22313
22283
22050
22032
22009
22016
22012
22399
22062
22054
22024
22087
22073
22088
22048
22344
23064
23060
22845
22863
22029
22173
22437
22299
22291
22057
21986
22821
22047
22042
22777
22785
22040
22058
22016
22520
22442
22344
22456
22094
22027
22015
22054
22139
22141
22083
22190
22030
22775
22689
22665
22046
22044
22045
22075
22033
22036
22016
22152
22056
22123
22038
22031
22101
22094
22053
23273
23262
23106
22240
22213
22206
22095
22017
22060
22006
22158
22072
22062
22027
22107
22115
22049
22093
22139
22138
22057
22224
22018
22586
22642
22613
22596
21989
22224
22594
22566
22501
22045
22126
22134
22108
22066
22089
22059
22252
22030
22037
22383
22116
22077
22018
22562
22241
22524
22022
22115
22112
22090
22059
22131
22025
22380
22678
22034
22094
22065
22032
22744
22668
22053
22087
22496
22444
22287
22288
22089
22097
22059
22043
22007
22066
22100
21990
22048
22140
22327
22419
22019
22047
22014
22075
22072
22478
22463
22111
22089
22062
22074
22155
22607
22571
22046
22266
22158
22076
22066
22420
22187
22191
22129
22096
22047
22034
22197
22150
22578
22096
22047
22039
22680
22663
22021
22031
22667
22650
22319
22321
22259
22670
22330
22315
22238
22220
22016
22007
22068
22080
22019
22065
22107
22037
21981
22149
22214
22158
22087
22362
22263
22203
22036
22971
22850
22021
22038
22071
22037
22048
22029
22059
22108
22554
22534
22436
22440
22338
22356
22295
22079
22049
22001
22058
22061
22039
22058
22057
22088
22144
22134
22094
22603
22359
22233
22181
22533
22420
22085
22097
22068
22069
22346
22091
22147
22038
22047
22073
22317
22292
22067
22229
22023
22205
22061
22046
22458
22128
22177
22152
22314
22309
22146
22074
22133
22554
22543
22024
22104
22049
22008
22056
22022
22627
22044
22282
22282
22170
22215
22212
22061
22563
22528
22131
22049
22050
22049
22097
22048
22088
21984
22207
22184
22001
22036
22246
22653
22657
22171
22136
22563
22495
21993
22216
22188
22105
22802
22799
22645
22638
22046
22706
22696
22148
22086
22731
22051
22049
22264
22084
22058
22129
22131
22124
22060
22253
22026
22635
22505
22450
22285
22082
22060
22033
22034
22029
22040
22020
22106
22092
22089
22059
22026
21983
22009
22195
21994
21977
22036
22067
22055
22013
23645
22421
22048
21997
22041
22051
22057
22102
22029
22324
22172
22108
22349
22262
22203
22055
22051
22143
22023
22170
22044
22091
22040
22202
22424
22411
22162
22145
22275
22280
22382
22627
22289
22296
22090
22078
22573
22552
22116
22088
22005
22135
22047
22117
22048
22356
22018
22021
22633
22637
22009
22167
21991
22638
22096
22371
22078
22156
22112
22100
22002
22034
22366
22366
22006
22014
22094
22093
22504
22454
22299
22258
22208
22165
22136
22138
22073
22061
22177
22064
21999
22008
22100
22091
22158
22109
22038
22058
22043
22016
22038
22661
22520
22523
22064
22070
22105
22072
22070
22101
22013
22462
22391
22360
22087
22058
22113
22108
22214
22507
22060
22037
22031
22061
22019
22517
22055
22248
22163
22420
22054
22313
22384
22305
22049
22101
22093
22088
21989
22162
22076
22047
22031
22018
22484
22466
22063
22055
22592
22592
22048
22042
22074
22228
22052
22212
22509
22403
22486
22495
22065
22122
22115
22047
22015
22063
22013
22002
22731
22077
22243
22228
22795
22553
22053
22064
22054
22594
22056
22030
22060
22033
22038
22045
22026
22050
22074
22211
22015
22174
22067
22077
22041
22046
22019
22053
22099
22253
22073
22054
22099
22057
22037
22386
22270
22067
22424
22097
22147
22098
22020
22004
22189
22143
22146
22087
22718
22006
22156
22152
22144
22276
22010
22103
22113
22043
22296
22700
22684
22683
22109
22042
22039
22066
22133
22333
22341
22338
22468
22056
22054
22058
22013
22227
22781
22502
22048
22012
22670
22657
22656
22637
22127
22116
22252
22234
22191
22187
22145
22064
22041
22029
22030
22059
22047
22087
22083
22085
22087
22586
22484
22478
22477
22462
22087
22101
22056
22187
22137
22143
22177
22251
22186
22095
22101
22096
22137
22119
22143
22395
22184
22166
22196
22057
22021
22005
22005
22000
22026
22118
22068
21971
22000
22324
22318
22304
22116
22108
22283
22082
22259
22268
22193
22058
22060
22046
22046
22148
22131
22087
22096
22035
22045
22573
22106
22107
21988
22053
22032
22088
22088
22048
22233
22166
22062
22017
22068
22022
22298
22054
22026
22063
22023
22064
22671
22655
22646
22627
22572
22541
22122
22100
22470
22055
22042
22769
22055
22675
22668
22015
22689
24045
23961
23954
23823
23831
22037
22037
22409
22395
22260
22254
22237
22019
22448
22153
22068
22065
22002
22056
22063
22002
22053
22063
22258
22015
22014
22086
22083
22085
22074
22016
22097
22073
22064
22773
22779
22763
21991
22084
22052
22053
22029
22026
22605
22572
22443
22067
22075
22049
22087
22024
22073
22130
22100
22076
22370
22529
22529
22478
22318
23749
22099
22043
22102
22564
22570
22563
22078
22002
22043
22108
22073
22527
22514
22508
22494
22102
22063
22089
22109
22038
22061
22078
22011
22070
22052
22212
22721
22689
22633
22088
22080
22046
21996
22648
22550
22523
22521
22440
22026
22185
22155
22137
22329
22322
21992
22113
22421
22279
22273
23233
22225
22303
21997
22046
22037
22451
22418
22416
22297
22191
22189
22184
22164
22018
22087
22058
22151
22128
22069
22432
22426
22438
22074
22040
22045
22035
22126
22731
22739
22722
22016
22062
22288
22290
22290
22012
22766
22062
22111
22120
22117
22123
22114
22101
22697
22701
22021
22023
22690
22145
22161
22069
22019
21979
22086
22063
22064
21979
22078
22041
22105
22033
21997
22629
22416
22037
22056
22221
22012
22060
22119
22136
22158
21984
22104
22044
22079
22035
22000
22027
22021
22084
22005
22046
21912
22027
22010
22168
22575
22549
22533
22519
22058
22215
22207
22178
22170
22157
22182
22140
22034
22012
22058
22115
22110
22063
22047
22457
22347
22298
22059
22069
22075
22026
22189
22252
22451
22435
22044
22825
22815
22767
22749
22746
22714
22070
22073
22071
22055
22767
22066
22114
22052
22042
22026
22090
22033
22047
23007
22999
22990
22988
22856
22841
22013
22076
22347
23178
23148
23142
23132
22033
22004
22163
22164
22166
22173
22163
22013
22055
22073
21995
22065
22057
22297
22293
22290
22274
22208
22175
22169
22363
22454
22099
22066
22051
22738
22731
22700
22658
22722
22592
22142
22117
22092
22346
22341
22022
22232
22234
22271
22227
22004
22073
22220
22346
22329
22150
22139
22134
22321
22618
22056
22063
22023
22062
22041
22882
22617
22748
22613
22609
22581
22549
23889
23822
23826
22188
22244
22248
22218
22078
22054
22508
22495
22419
22051
22047
22275
22653
22632
22472
22028
22041
22034
22182
22194
22358
22050
22051
22045
22038
22015
22112
22297
22317
22306
22285
22278
22264
22923
22020
22132
22172
22406
22401
22763
22832
22802
22020
22067
22290
22299
22183
22034
22043
22035
22541
22515
22501
22468
22467
22393
22344
22329
22197
22049
22018
22029
22111
22113
22081
22087
21982
22032
22227
22204
22212
22026
22055
22014
22215
22165
22064
22056
22249
22023
22038
22035
22533
22448
22855
22845
22862
22756
22236
22190
22136
22285
22278
22287
22062
22426
22410
22368
22363
22324
22288
22166
22151
21959
22097
22173
22152
22015
22308
22182
22302
22270
22249
22019
22063
22050
22221
22193
22784
22757
22743
22740
22724
22681
22612
22036
22040
21996
22021
22025
22104
22097
21991
22103
22097
22529
22539
22493
23250
22095
22079
22032
22047
22057
22045
22114
22169
22069
22049
22186
22025
22132
22326
22007
22686
22673
22685
22678
22665
21983
22403
22047
22098
22008
22046
22051
22044
22099
22116
22060
22055
22022
22073
22270
22229
22134
22135
22103
22105
22099
22081
22029
23356
23348
23237
23218
23223
23181
23160
22049
22123
22293
22278
22282
22240
22016
22012
22062
22063
22377
22382
22366
22360
22068
22075
22077
22134
22251
22502
22483
22444
22007
22042
23029
22033
22006
22099
22022
22453
22087
22095
22103
22087
22097
22051
22031
22232
22201
22200
22076
22088
22020
22046
22043
22739
22027
22007
22083
22125
22165
22030
22070
22026
22273
22261
22016
21967
22183
22159
22156
22148
22207
22182
22217
22197
22191
22189
22042
22100
22105
22099
22086
22012
22063
22699
22593
22005
22096
22594
22584
22581
22513
22496
22030
21987
22240
22231
22131
22106
22752
22720
22105
22118
22112
22141
22109
22110
22851
21983
23403
23384
23221
23204
23177
23172
23167
22112
22013
22081
22576
22562
22570
22576
22033
22028
22002
22005
22037
22564
22537
22521
22015
22086
22027
22220
22206
22199
22195
22187
22231
22222
22028
22062
22015
21982
22023
22165
22086
22686
22665
22609
22573
22559
22553
22072
22119
22126
22061
22048
22705
22710
22933
22922
22084
22033
22010
22028
22083
22099
22003
22010
22390
22354
22348
22035
22188
22105
22125
22060
22055
22298
22266
22222
22206
22214
22029
22484
22430
22426
22427
22384
22096
21994
21983
22119
22469
22677
22678
22670
22556
22550
22552
21987
22082
22056
22047
22113
22988
22914
22899
22024
22280
22772
22425
22410
22315
22321
22313
22285
22181
22633
22525
22038
22087
22053
22092
22161
22613
22579
22050
21969
21986
22659
22669
22659
22636
22588
22145
22081
22196
22798
22088
22046
22025
22005
22058
22078
22065
22036
22756
22068
22083
22381
22007
22105
22065
22081
22093
22422
22265
22046
22309
22098
22423
21997
22053
21925
22019
22062
22031
22000
22030
22019
22025
22041
22520
22065
22595
22784
22784
22003
22064
22241
22222
22225
22035
22249
22533
22222
22208
22187
22060
22024
22101
22016
22057
21999
22031
22051
22501
22069
22097
22069
22411
22388
22122
22122
22261
22213
22213
22006
22018
22030
22034
22148
22116
22035
22020
22269
22145
22024
22122
22108
22091
22592
22569
22160
22155
22526
22475
22339
22164
21987
22756
22734
22714
22679
22033
22184
22219
22338
22343
22129
22263
22239
22320
22308
22259
22226
22713
22833
22820
22808
22706
22687
22260
22206
22707
22703
22589
22067
22234
22226
22418
22377
22037
22069
22056
22035
22044
22030
21997
22237
22246
22229
22171
22178
22163
22176
22165
22039
22105
22115
22506
22378
22376
22642
22640
22642
22529
22453
22449
22428
22342
22068
22013
22074
22221
22190
22024
22025
22049
22048
22333
22030
22047
22042
22299
22304
22176
21977
22135
22103
22083
22083
22040
22012
22429
22428
22432
22191
22188
22108
22089
22040
22031
22611
22615
22048
22605
22067
22030
22098
22155
22154
22060
22011
22097
22601
22579
22069
22052
22075
22076
22073
22112
22653
22656
22654
22652
22474
22029
22402
22400
22381
22053
22016
22017
22213
22206
22192
22168
22217
22145
22024
22040
22068
22066
22445
22431
21996
22036
22669
22669
22646
22650
21980
22508
22505
22497
22062
22020
22019
22012
22071
22043
22306
22010
22091
22047
22068
22235
22089
22014
22633
22600
22596
22460
22069
22049
22052
22045
22019
22108
22047
22037
22796
22801
22787
22339
22327
22318
22290
22242
22213
21997
22048
22874
22410
22049
22033
22123
22118
22038
22182
22175
22154
22031
22024
22081
22090
22003
22048
22017
22054
22228
22159
22059
22036
22303
22302
22284
22224
22215
22264
22006
22019
22138
22108
22059
22176
22187
22172
22176
22845
22836
22832
22631
22586
22392
22350
22319
22199
22005
22020
22084
22042
22161
22526
22410
22798
22761
22686
22656
22627
22629
22634
22040
22028
22038
22033
22064
22031
22038
22031
21973
22055
22052
22055
22013
22075
22079
22100
22062
22019
22099
22072
22461
22449
22443
22546
22729
22738
22033
22018
22018
22075
22074
23011
22141
22052
22115
22129
22112
22844
22662
22638
22064
22070
22065
22050
22054
22099
22089
22088
22151
22129
22071
22161
22041
22053
22017
22852
22839
22797
23007
22077
22054
22075
22069
23145
23115
23096
22013
22006
22092
22399
22379
22414
22095
22066
22061
23402
23396
22077
22425
22384
22782
22750
22747
22633
22550
23064
23054
22933
22929
22919
22841
22800
22410
22360
22215
22222
22017
22024
22062
22044
22051
22048
22094
22182
22093
22098
22537
22034
22752
22693
22688
22677
22148
22134
22221
22026
22025
22109
22343
22081
22328
22042
22069
22155
22119
22102
22074
22062
22048
22613
22913
22031
22127
22246
22235
22568
22048
22059
21984
22030
22034
22019
22025
22036
22029
22035
22040
22173
22766
22762
22736
22712
22022
21972
22254
22054
22054
22006
22056
22078
22083
22652
22072
22311
22073
22086
22387
23527
23517
22040
22043
22068
22062
22522
22044
21989
22000
22107
22101
22088
22001
22086
22654
22649
22633
22637
22617
22015
22118
22026
22033
22018
22084
22079
22052
22002
22026
22008
22661
22648
22565
22554
22539
22483
22059
22039
22114
22037
22111
21998
22039
22061
21986
22025
22330
22308
22143
22136
22049
22101
22104
22171
22161
22094
22012
21963
22071
22078
22065
22145
22094
22114
22091
22075
22075
22075
22035
22326
22245
22734
22013
22022
22278
22213
22262
22046
22035
22053
22093
22433
21985
22082
22212
22072
21999
22078
22158
22204
22655
22015
22035
22023
22067
21962
22013
22013
22273
22218
22128
22054
22061
22697
22609
22450
22592
22137
22404
22036
22103
22135
22391
22303
22139
21983
22097
22723
22079
22178
22012
21987
22046
21983
22034
22028
22030
21990
22056
22078
22722
22719
22714
22692
22737
22735
22716
22061
22049
22050
22004
22246
22073
22656
22052
22055
22148
22171
22246
22228
22214
21999
21983
22057
21980
22050
22108
22093
22105
22043
22268
22267
22279
22444
22106
22029
22082
22589
22493
22458
22414
22708
22075
22032
22087
22055
22052
22062
22055
22560
22537
21994
22095
22063
22056
22158
22023
22728
22706
22717
22693
22126
22068
22421
22420
22428
22422
22371
22337
22333
22335
22235
22696
22687
22686
22675
22516
22261
22244
22186
22137
22130
22060
22046
22090
22894
22893
22903
22879
22356
22343
22210
22131
22111
22104
22095
22061
22038
22423
22015
22027
22066
22141
22146
22107
22031
22049
22022
22153
22010
22030
22026
22011
22016
22048
22033
22242
22235
23130
23060
23041
23039
23039
22030
22023
22078
22178
22170
22089
22083
22070
22070
22151
22071
22062
22085
22168
22155
22093
22167
22256
22033
22244
22289
22270
22256
22209
22051
22164
22670
22669
22586
22560
22561
22255
22346
22163
22707
22564
22545
22548
22520
22503
22028
22044
22422
22377
22337
22162
22084
22152
23008
23016
22930
22933
22946
22077
22248
22049
22077
22093
22105
22085
22031
22007
22086
22042
22043
22067
22029
22073
22099
22081
22061
22114
22059
22108
22189
22213
22180
22012
22430
22015
22068
22002
22085
22092
22038
22525
22457
22255
22545
22019
22034
22191
22023
22057
22038
22033
22071
22037
22070
22107
21966
22336
22060
22097
22081
22065
22097
22017
21993
22020
22052
22083
22089
22075
22086
22073
22144
22139
22125
22123
22386
22317
22135
22302
22011
22031
22064
22043
22065
22118
22067
22128
22616
22222
22572
22492
22488
22390
22402
22379
22385
22063
22126
22096
22038
22037
22061
22040
22050
22024
22047
22940
22835
22028
22090
22025
22044
22035
22062
22041
22052
22605
22557
22550
22534
22530
22059
22471
22451
22170
21993
22058
22228
22213
22169
22136
22026
22077
22027
22050
22108
22081
22067
22078
22049
22095
22028
22013
21998
22025
22035
22057
22165
22324
22248
22857
22855
22821
22822
22004
22221
22131
22285
22290
22310
22296
22193
22165
22725
22604
22019
22051
22034
22419
22133
22091
22204
22146
22144
22132
22155
22132
22100
22082
22085
22076
22065
22064
22063
22047
22096
22064
22023
22056
21992
22072
22075
22703
22704
22705
22699
22703
22050
22000
22022
22097
22063
22046
22030
22033
22041
22065
22075
22048
22504
22503
22054
22104
22123
22525
22497
22487
22351
22347
22754
22735
22718
22633
22039
22030
22038
22516
22505
22502
22055
22046
22049
23297
22044
22085
22084
22092
22060
22401
22976
22974
22966
22924
22917
22902
22018
22045
22062
22081
22129
22614
22614
22593
22064
22609
22571
22763
22738
22702
22668
22088
22040
22658
22761
22670
22645
22644
22631
22623
22548
22542
21997
22089
22093
22313
22297
22299
22296
22288
22245
22044
22479
22446
22434
22438
22286
22285
22556
22543
22066
22035
22039
22037
22102
22090
22167
22543
22426
22016
22588
22542
22523
22091
22619
22567
22564
22028
22044
22037
22001
22411
22056
22561
22535
22527
22500
22448
22448
22419
22024
21999
22153
22125
22107
22185
22177
22193
22188
22185
22167
22163
22174
22571
22068
22120
22152
22149
22113
22121
22685
22692
22661
21970
21998
22050
22271
22643
22516
23871
22596
22604
22132
22142
22131
22091
22077
22110
22144
22117
22139
22177
22675
22749
22059
22419
22401
22388
22007
22784
22029
22019
22065
22657
22661
22656
22657
21996
22076
22316
22287
22272
22238
22049
22127
22110
22107
22513
22506
22494
22437
22415
22409
22013
22072
22058
22067
22067
22050
22055
22040
22056
22073
22050
22054
22080
22103
22072
22275
22490
22481
22447
22443
22045
22052
22763
22678
22558
22528
22536
22526
22518
22530
22675
22055
22033
22365
22005
22040
22080
22088
22086
22046
22054
22860
22851
22094
22090
22014
22031
22280
22885
22886
22823
22084
22142
22137
22095
22089
22178
22035
22057
22025
22021
22082
22499
22036
22037
22081
22012
22002
22094
22010
21996
22940
22017
22086
22109
22129
22269
22258
22198
22060
22194
22372
22340
22326
22302
22284
22214
22449
22092
22025
22158
22114
22113
22126
22121
22119
22050
22126
22091
22047
21948
22012
22010
22029
22025
22083
22248
22158
22083
22597
22039
22023
22091
22095
22112
22435
22411
22077
22077
22045
22099
22087
22017
22081
22071
22084
22044
22074
22514
22432
22389
22371
22433
22033
22008
22053
22030
22047
22071
22084
22058
22048
22066
22043
22088
22075
22057
22108
22050
22050
22027
22008
22022
22631
22530
22518
22467
22471
23116
22012
22069
22078
22087
22081
22761
22745
22517
22526
22089
22077
22070
22000
22052
22702
22623
22004
22028
22157
22122
22662
22642
22612
22621
22622
22507
22467
22528
22538
22405
22400
22357
22369
22336
22495
22378
22084
22071
22517
22778
22780
22795
22747
22022
22178
22008
22104
22064
22439
22447
22411
22041
22080
22786
22399
22408
22398
22387
22375
22085
22083
22060
22048
22003
22056
22041
22014
22381
22387
22395
22405
22403
22374
22059
22074
22256
22112
22081
22081
22064
22050
22171
22114
22052
22031
22037
22022
22432
22429
22420
22405
22157
22135
22134
22530
22654
22643
22288
22266
22259
22054
22947
22033
22048
22060
22310
22287
22367
22254
22429
22437
22059
22071
22166
22119
22121
22649
22618
22544
22537
22520
22505
22495
22005
22084
22041
22621
22544
22535
22480
22024
22031
21977
22054
22030
22084
22603
22128
22608
22024
22047
22594
22588
22588
22599
22551
22519
22484
22019
22116
22063
22802
22791
22795
22400
22091
22086
22110
22105
22097
22033
22070
22061
22090
22742
22686
22630
22636
22588
22579
22598
22033
22147
22083
22160
22086
22062
22128
22109
22065
23084
23056
22079
22065
22044
22268
22062
22165
22126
22118
22654
22635
22139
22126
22650
22645
22584
22581
22497
22431
22425
22992
22904
22129
22137
22061
22012
22065
22078
22024
22044
22065
22119
22127
22111
22037
22059
22069
22119
22062
22015
22116
22112
22027
22024
22481
22402
22551
22511
22040
22047
22414
22398
22049
22058
22041
22113
22095
22004
22029
22050
22152
22083
22247
22432
22435
22417
22402
22112
22084
22331
22317
22055
22050
22084
22046
22002
22127
22194
22126
22118
21591
22045
21987
22667
22032
22753
21982
21997
22067
22095
22087
22094
22603
22043
22126
22034
22176
22437
22546
22057
22161
22099
22089
22095
22156
22123
22078
22064
22663
22645
22576
22579
22026
22030
22006
22043
22006
22082
22370
22344
22114
22042
22024
22021
22072
22037
22762
22681
22576
22562
22038
22135
22118
22073
22016
22121
22010
22136
22110
22102
22072
22094
22251
22040
22068
22128
22511
22512
22467
22443
22017
22011
21973
22039
22461
22459
22364
22481
22441
22606
22577
22556
22515
22509
22496
22025
22041
22439
22197
22184
22192
22502
22500
22454
22443
22050
22068
22072
22215
22307
22688
22668
22041
22084
22127
22266
22243
22225
22225
22020
22642
22085
22035
22109
22016
22144
22088
22681
22777
22765
22745
22732
22072
22036
22085
22051
22064
22135
22131
22062
22062
23012
22981
22895
22835
22846
22837
22722
22046
22054
22040
22486
22478
22478
22480
22098
22099
22217
22572
22496
22480
22476
22459
22444
22000
22036
22029
22071
22294
22294
22303
22752
22750
22113
22046
22271
22401
22393
22360
22358
22144
22186
22151
22146
22142
22146
22011
22003
22038
22018
22341
22339
22296
22148
22060
22051
22153
22149
22289
22280
22282
22677
21999
22058
22569
22547
22138
22077
22076
22081
22452
22257
22074
22094
22056
22041
22072
22133
22833
22034
22116
22060
22054
22042
22071
22035
22217
22222
22204
22056
22001
22017
22063
22040
22097
22134
22627
22633
22615
22085
22644
22032
22076
21993
22293
22070
22139
22117
22454
22021
22007
22527
22172
22049
22285
22277
22251
22036
22041
22405
22333
22331
22008
22060
22217
22019
22050
22061
22028
22059
22224
22201
22076
22059
22057
22385
22391
22318
22316
22270
22263
22059
22021
22020
22053
22063
22411
22644
22199
22069
22085
22074
22373
22358
22400
22295
22260
22273
22274
22267
22367
22018
22089
22070
22313
22315
22039
22105
22100
22080
22524
22097
22052
22039
22060
22253
22225
22224
22642
22604
22081
21973
22068
22056
22028
22011
22043
22139
22419
22404
22502
22439
22435
22590
22009
22049
22140
22122
22145
22052
22098
22065
22062
22056
22053
22073
22043
22043
22634
22641
22631
22577
22077
22065
22358
22044
22041
22777
22499
22297
22242
22158
22086
22087
22008
23064
23048
23006
22027
22313
22016
22079
22034
22017
22123
22098
22082
22062
22026
22028
22329
22165
22147
22076
22068
22058
22145
22037
22068
21999
22311
22019
22074
22443
22419
22408
22374
22379
22094
22092
22096
22082
22201
22208
21993
22064
22431
22255
22251
22083
22175
22182
22198
22193
22161
22149
22137
22230
22217
22195
22382
22388
22008
21952
22540
22137
22372
22021
22096
23838
23764
22076
22040
22066
22084
22067
22049
22516
22049
22055
22120
22111
22085
22579
22584
22559
22498
22360
22078
22049
22057
22042
22319
22298
22079
22038
22075
22269
22097
23013
22982
22965
22957
22910
22868
22759
22697
22668
22655
22629
22029
22274
22151
22144
22142
22412
22274
22273
22253
22262
22247
22410
22394
22038
22090
22103
22087
22079
22067
22179
22196
22186
22286
22016
22043
22159
22180
22152
22504
22010
21991
22026
22100
22611
22525
22093
22393
22409
22395
22315
22258
22211
22209
22204
22016
22039
22065
22020
22079
22035
22010
22024
22020
22043
22094
22434
22162
22699
22577
22298
22239
22188
22064
22037
22033
22096
22014
22090
22021
22035
22431
22407
22397
22161
22402
22326
22014
22001
22014
22083
22075
22072
22052
22047
22110
22113
22614
22026
22036
22054
22044
22459
22435
22063
22043
22806
22253
22201
22195
22154
22065
22085
22086
22195
22774
22727
22730
22607
22747
22732
22728
22110
22099
22084
22060
22028
21982
22051
22014
22544
22419
22362
22311
22019
22042
22034
22037
22213
22188
22042
22071
22042
22044
22222
23406
23398
22014
22045
22049
22034
22018
22057
22320
22334
22342
22066
22011
22032
22043
22063
22059
22049
22104
22172
22145
22306
22125
22068
22102
22069
22093
22002
22000
22057
22016
22036
22051
22115
22109
22040
22429
22387
22364
22512
21996
22145
22067
22053
22063
22087
22743
22687
22665
22451
22435
22445
22137
22328
22447
22687
22637
22006
22015
22017
22080
22092
22706
22080
22549
22491
22096
22225
22228
22075
22021
22574
22092
22023
21997
22143
22111
21988
22047
22065
22026
22039
22082
22766
22748
22032
22034
22070
22137
22524
22483
22414
22063
22058
22067
22078
22366
22288
22036
22385
22279
22173
22056
21984
22024
22112
22038
22233
22158
22269
22256
22120
22066
22042
22055
22083
22072
22067
22055
22141
22028
22057
22103
22422
22351
22286
22295
22611
22736
22653
22608
22607
22403
22075
22070
22267
22258
22249
22032
21980
22059
22088
24077
22065
22150
22025
22549
22512
22362
22403
22353
22340
22103
22281
22054
22354
22030
22067
22000
22128
22117
22523
22006
22091
22051
22044
22345
22042
22372
22356
22248
22234
21990
22326
22067
22437
22365
22202
22268
22268
22470
22592
22082
22051
22121
22038
22138
22249
22280
22281
22090
22088
22038
22035
22002
22120
22102
22121
22066
22029
22021
22022
22796
22784
22751
22750
22754
22083
22053
22070
22104
22293
22259
22259
22259
22262
22005
22007
22050
22659
22641
22625
22630
22021
22453
22699
22691
22701
22643
22694
22208
22109
22027
21990
22080
22099
22807
22154
21991
22510
22470
22459
22496
22483
22483
22466
22396
22367
22349
22329
22556
22552
22480
22447
22139
22047
22013
22069
22062
22671
22514
22492
22337
22089
22543
22520
22526
22004
22029
22024
22711
22641
22647
22059
21996
22687
22635
22607
22621
22430
22373
22064
22475
22441
22444
22699
22699
22555
22535
22470
22037
22067
22042
22181
22169
22371
22438
22440
22420
22412
22395
22383
22334
22061
22056
22044
22044
22030
22027
22185
22058
22022
22168
22085
22047
22744
22735
22691
22028
22677
22672
22650
22658
22607
22580
22595
22562
22070
22036
22055
22096
22061
22042
22051
22366
22358
22278
22282
22536
22536
22510
22493
22165
22063
21982
22001
22100
22057
22118
22199
22174
22036
22274
22464
22701
22031
22714
22674
22461
22456
22433
22420
22597
22597
22029
22006
22029
22081
22124
22128
22884
22168
22623
22571
22577
22565
22523
22062
22033
22115
22105
22103
22089
22095
22061
22112
22015
22035
22036
22608
22619
22590
22802
22784
22739
22747
22742
22737
22729
22562
22562
21999
22268
22043
22023
22034
22014
22166
22164
22151
22395
22397
22400
22378
22349
22231
22168
22115
22098
22114
22113
22197
22012
22143
22168
22055
22122
22107
22091
22051
22054
22056
22062
22036
22379
22383
22024
22014
21983
22301
22528
22457
22048
22038
22038
22567
22568
22557
22545
22556
22545
22529
22432
23563
23544
23540
23536
22029
22039
22045
22456
22419
22424
22420
22444
22059
22067
22058
22040
22033
22059
22045
22072
22095
22033
22113
22035
22509
22384
22351
22258
22219
22185
22185
22159
22349
22021
22051
22034
22052
22057
22098
22095
22536
22061
22058
22096
22077
22014
22013
22304
22440
22450
22435
22444
22424
22435
22425
22028
22438
22431
22401
22458
22437
22414
22115
22085
22014
22479
22466
22443
22442
22454
22451
22492
22481
22474
22453
22436
22446
22417
22024
22040
22019
22087
22007
22020
22031
22628
22624
22202
22165
22717
22082
22100
22082
22081
22266
22243
22241
22507
22454
22443
22002
22143
22111
22621
22188
22384
22357
22090
22055
21976
22676
22123
22054
22038
22260
22246
22238
22179
22063
22032
22055
22070
22311
22318
22417
22395
22103
22084
22073
22212
22175
22115
22118
22088
22077
22070
22350
22310
22315
22316
22476
22648
22645
22499
22474
21989
22017
22054
22010
22146
22054
22002
22028
22039
21992
22039
22006
22583
22454
22423
22079
22524
22429
22416
22359
22070
22803
22718
22034
22007
22067
22000
22072
22075
22025
22093
22103
22294
22285
22249
22027
22111
22030
22019
22191
22026
22025
22013
22277
22219
22259
22255
22250
22401
22008
22073
22045
21967
22006
22079
22162
22626
22592
22600
22362
22321
22051
22074
22043
22060
22497
22399
21969
22015
22018
22150
22121
22105
22045
22098
22022
22040
22011
21963
22255
22426
22341
22007
22047
22055
22023
22031
22003
22072
22006
22056
22403
22360
22360
22357
22267
22030
22188
22011
22022
22250
22244
22727
22730
22635
22611
22569
22050
22040
22268
22277
22225
22186
22113
22015
21990
22019
21984
22105
22150
22148
22117
22116
22147
22146
22146
22157
22144
22398
22128
22503
22453
22447
22430
22428
22412
22391
22130
22566
22495
22449
22411
22032
22052
22106
22085
22509
22438
22407
22317
22002
22165
22336
22311
22299
22277
22285
22016
22059
22092
22053
22941
22167
22157
22230
22795
22726
22584
22560
22220
22168
22159
22159
22136
22127
22085
22008
22070
22097
22133
22116
22059
22024
22030
22026
22686
22529
22497
22497
22480
22017
22309
22296
22301
22023
22008
22019
22146
22073
22073
22067
22043
22015
22006
22110
22142
22106
22232
22053
22031
22021
22074
22306
22308
22203
22191
22332
22053
22201
22183
22193
22586
22053
22021
22015
22025
22243
22138
22109
22185
22691
22674
22667
22025
22212
22206
22064
22034
22014
22685
22651
22637
22612
21985
22002
22004
22080
22137
22198
22547
22544
22455
22354
22367
22239
22179
22050
22985
22393
22380
22353
22328
22520
22060
22087
22071
22079
22081
22075
22209
22189
22141
22079
22697
22688
22658
22666
22050
22656
22561
22022
22034
22022
22031
22271
22243
22377
22347
22521
22703
22579
22566
22357
22302
21992
22067
22264
22042
22062
22065
22615
21979
22812
22753
22726
22720
22142
22054
22050
22102
22018
22133
22438
22395
22359
22155
22069
22109
22237
22236
22443
22453
22647
22624
22224
21963
22083
22040
22484
22142
22090
22719
22606
22599
22601
22023
22059
22044
22232
22241
22394
22087
22054
22062
22019
22171
22139
22082
22082
22268
22213
22089
22027
22382
22289
22015
22005
22101
22087
22103
22075
22053
22027
22037
22061
22201
22025
21999
22092
22130
22115
22520
22493
22051
22385
22095
22010
22063
22266
22471
22448
22340
22220
22165
22172
22252
22127
22646
22648
21986
21995
21995
22042
22642
22608
21956
22469
22069
22039
22126
22045
22053
22034
22109
22135
22184
22176
22196
22073
22026
22080
22513
22400
22411
22382
22327
22494
22605
22566
22068
22328
22347
22468
22406
22398
22374
22361
22050
22099
22097
22408
22398
22384
22260
22223
22015
22160
22183
22170
22118
22085
22766
22738
22744
22057
22037
22033
22020
22030
22342
22326
22274
22568
22534
22524
22316
22325
22279
22290
22068
22055
22402
22401
22407
22402
22233
22208
22215
22209
22198
22189
22664
22656
22571
22015
22028
22226
22364
22203
22191
22219
22205
22478
22431
22426
22422
22412
22399
22393
22033
22140
22128
22153
22722
22713
22552
22479
22462
22158
22135
22120
22119
22041
22040
22080
22075
22046
22036
22116
22024
22097
21958
22123
22136
22147
22132
22147
22548
22053
22052
22089
22072
22469
22438
22426
22360
22070
22083
22120
22054
22068
22204
22065
22016
22739
22742
22684
22632
22128
22175
22170
22862
22852
22385
22300
22307
22314
22313
22059
22032
22620
22597
22592
22558
22421
22048
22859
22008
22038
22090
22260
22236
22239
22112
22848
22799
22788
22783
22774
22747
22070
22077
22119
22001
22241
22130
22451
22862
22833
22737
22691
22655
22655
22639
22645
22586
22023
22108
22097
22639
22074
22280
22225
22204
22178
22350
21999
22150
22132
22117
22110
22281
22271
22283
22291
22747
22757
22728
22660
22404
22403
22162
22411
22160
22100
22053
22173
22153
22028
22078
22284
22287
22178
22385
21981
22018
22050
22101
22088
21994
22040
22049
22720
22687
22402
22391
22224
22041
22122
22697
22700
22326
22066
22099
22093
22164
22148
22236
22217
22214
22441
22030
22076
22518
22504
22204
22124
22018
22061
22020
22041
22082
22106
22024
22023
22106
22087
22079
22196
22028
22064
22155
22452
22320
22687
22776
22491
22486
22124
22118
22048
22373
22320
22218
22203
22204
22017
22036
22101
22119
22047
22300
22267
22233
22400
22364
22376
22386
22332
22322
22543
22544
22830
22829
22013
22043
22079
22046
22052
22044
22052
22179
22111
22109
22120
22428
22417
22405
22274
22099
22073
22301
22298
22043
22044
22010
22073
22043
22300
22312
22373
22007
22049
22560
22034
22060
22071
22550
22540
22265
22240
22107
22073
22139
23507
22078
22155
22557
22483
22472
22471
22048
22198
22219
22037
22033
22824
22788
22623
22431
22397
22394
22122
22048
22505
22340
22324
22270
22105
22036
22443
22401
21992
22059
22135
22034
22023
22011
22388
22088
22044
22024
22409
22016
22048
22113
22049
21984
22845
22740
22726
22064
21990
22014
22094
21968
22026
22061
22213
22217
22008
22047
22272
22074
21970
22003
22108
22068
22192
22669
22484
22480
22524
22487
22069
22000
22387
22380
22216
22179
22187
22191
22144
22067
22045
22020
22059
22246
22252
22234
22166
22145
21998
22028
22595
22565
22555
22484
22444
22309
22315
22316
22276
22267
22185
22195
22651
21928
21988
22048
22037
22021
22029
22041
22059
22053
22071
22070
22113
22184
22768
21998
22017
22097
22087
22074
22029
21997
22066
22333
22109
22024
22078
21997
22128
22075
22058
22104
22029
22178
21966
22453
22415
22686
22667
22073
21996
22371
23096
23102
22066
22140
22132
22219
22184
22085
22078
22035
22035
22801
22091
22057
22099
21993
22035
21987
22103
22011
22073
22093
22062
22269
22274
22235
22248
22125
22008
22038
22058
22037
22076
22028
22049
22099
22677
22668
22675
22638
22521
22003
22062
22079
22045
22008
22669
22669
22671
22647
22474
22063
22056
21991
22069
22052
22114
22127
22402
22840
22056
22140
22134
22456
22466
22047
22075
22042
22032
22707
22054
22043
22121
22033
22120
22121
22112
22079
22085
22070
22054
22044
22067
22079
22067
22076
22170
22035
22027
22055
22100
22123
22338
22634
22704
22702
22675
22577
22596
22807
22803
22802
22761
22713
22690
22042
22039
22035
22173
22237
22179
22015
22007
22053
22072
22053
22043
22046
22026
22022
22108
22115
22162
22138
22274
22351
22360
22138
22070
21990
22080
22068
22070
22051
22043
22265
22056
22204
22206
22214
22012
22563
22526
22513
22522
21998
22140
22146
22094
22109
22074
22388
22394
22398
22055
22063
22380
22373
22371
22181
22201
22201
22202
22054
22033
22544
22539
22021
22049
22138
22128
22090
22055
22039
22042
22081
22090
22007
22052
22075
22028
22010
22021
22375
22260
22229
21994
22090
22111
22087
22092
22459
22176
22156
22557
22013
22755
22736
21964
21993
22042
22021
22450
22041
22016
22157
22040
22027
22163
22081
22150
22075
22051
22087
22319
22026
22179
22054
22037
22121
22439
22433
22369
22345
22281
22012
22077
22408
22383
22263
22585
22559
22536
22520
22006
22020
22054
22148
22138
22041
22107
22358
22177
22068
22158
22022
22073
22023
21989
21995
22088
22075
22114
22024
22032
22667
22611
22561
21948
22091
22000
22272
22063
22535
22045
22033
22080
22164
22003
22039
22064
22051
22072
22068
22029
22031
22055
22223
22187
22186
22015
21998
22260
22057
22039
22068
22099
22087
22182
22311
22001
22151
22141
22152
22139
22703
22687
22690
22675
22664
22654
22111
22098
22082
22205
22151
22160
22127
22128
22125
22097
22121
22208
22199
22278
22373
22367
22364
22639
22650
22651
22650
22585
22586
22592
22014
22046
22067
22350
22336
22071
22058
22084
22537
22342
22269
22235
22157
22164
22139
22138
22138
22044
22208
22190
22089
22090
21980
22055
22053
22073
22255
22034
22090
22092
22114
22114
22436
22410
22046
22539
22538
22489
22477
22466
22446
22415
22391
22054
22552
22535
22501
22500
22489
22495
22052
22057
22134
22135
22114
22231
22243
22227
22028
22093
22078
22070
22103
22155
22166
22013
22363
22378
22025
22103
22032
22062
22001
22108
22099
22091
21989
22014
22228
22451
22425
22406
22398
22362
22352
22326
22053
22042
22067
22464
22439
22397
22330
22308
22072
22067
22057
22182
22200
22750
22734
22790
22737
22695
22114
22070
22092
22427
22395
22635
22614
22498
22471
22089
22755
22726
22715
22701
22659
22567
22222
22106
22378
22277
22043
22027
22090
22044
21998
22016
22093
22063
22057
22061
22005
22081
22042
21991
21966
22020
22090
22082
22076
22305
22030
22057
22081
22018
22106
22205
22123
22286
22287
22258
22085
22462
22010
22022
22149
22001
22594
22570
22523
22007
22009
22216
22232
22229
22220
22209
22199
22068
22064
22055
22082
22675
22115
22118
22006
21957
22094
22058
22017
22121
22097
22073
22016
22053
22011
22040
22101
22123
22318
22204
22110
22080
22304
22147
21999
22077
22032
22280
22351
22214
22206
22008
22096
22053
22064
22110
22111
22154
22152
22121
22124
22016
22228
22433
22228
22128
22065
22338
22321
22486
22485
22383
22295
22096
22055
22047
22057
23823
23743
23746
22046
22424
22390
22393
22037
22577
22385
22023
22052
22114
21995
22007
22040
22016
22020
22006
22617
22562
22564
22096
22011
22036
22680
22614
22810
22061
22072
22062
22048
22243
22332
22279
22240
22036
21998
22159
22053
22049
22023
22377
22052
22057
22047
22066
21985
22016
22069
22040
22609
22546
22107
22369
22302
22299
21985
22094
22075
22001
22046
22065
22860
22859
22790
22014
22210
21999
22684
22056
22663
22530
22380
22371
22368
22341
22309
21963
22113
22139
22140
22109
22108
22123
22254
22205
22380
22099
22137
22131
22104
22027
22075
22945
22059
22045
22127
22104
22172
21984
22053
22044
22024
22001
21986
22059
22046
22159
22100
22223
22805
22072
22108
22114
22110
22119
22113
22115
22113
22114
22123
22136
22139
22395
22910
22897
22892
22897
22900
22898
22907
22898
22902
22909
22922
22930
22941
22943
22951
22942
22957
22973
22963
22977
22968
22956
22948
22962
22953
21939
22064
22276
22267
22048
21983
22006
22063
21973
22234
22020
22042
22074
22056
22175
22173
22114
22066
22048
22049
22051
22132
22128
22248
22034
22096
22106
22066
22035
22711
22704
22639
22382
22043
21994
22790
22036
22590
22200
22026
22185
22038
22187
22053
22024
22466
22428
22435
22612
22544
22031
22044
22040
22159
22156
22057
21991
22433
22047
22039
22030
22094
22150
22117
22042
22138
22041
22005
22049
22034
22611
22754
22724
22019
22042
22006
22004
22042
22135
22240
22090
22021
22015
22253
22034
22008
22035
23688
23519
23471
23429
23308
22342
22034
21989
22041
22036
22041
22039
22077
22058
22522
22008
22044
22114
22632
22501
22020
22115
22013
23077
22976
22041
22048
22105
21989
22040
22035
22027
22054
22378
22018
22062
22102
22281
22052
22009
22115
22081
22095
22052
22104
22081
21964
22039
22019
22091
22069
22125
22390
22053
21979
22104
22044
22423
22051
22215
22214
22105
22273
22278
22050
22035
22036
22025
22189
22337
22067
22015
23188
22015
22381
22004
22035
22048
22976
22814
22783
22114
22038
22362
22288
22221
22146
22062
22046
21997
22126
22105
22204
22168
22060
22694
22036
22061
22032
22072
22111
22578
22028
22052
22033
22006
22064
22209
22067
22017
22024
22043
21986
21980
21991
22042
23497
22061
22018
22189
22152
22029
22197
22404
22013
22085
22043
22274
22044
22188
22096
22007
22078
22218
22012
22044
22101
22153
22816
22850
22827
22775
22018
22039
22001
22155
22149
21982
22069
22060
22062
22057
22056
22679
22016
22050
22015
22037
22116
22032
22071
22157
22014
22023
22026
22105
22282
22455
22073
22071
22036
22025
22040
22680
22034
22066
22055
22037
22065
22119
22302
22305
22288
22057
22058
22040
22064
22072
22112
22112
22052
22015
22689
22658
22544
22530
22022
22044
22014
22602
22602
22041
22111
22514
22046
22041
22015
22027
22005
22032
22042
22060
22069
22013
22063
22015
22027
22018
22057
22671
22033
22035
22077
22072
22035
22023
22747
22724
22707
22095
22042
22312
22209
22967
22052
22075
22154
22683
22089
22035
22098
22063
22039
21985
22047
22060
22034
22068
22056
22038
22025
22074
22097
22131
22106
22400
22084
22066
22473
22409
22422
22116
21977
22044
22055
22431
22325
22501
22503
22074
22341
22056
22052
22386
22279
22064
22054
22151
22731
22715
22060
22118
22093
22514
22052
22093
22045
22041
22020
22058
22547
22055
22152
22023
22747
22026
22129
22075
22130
22985
22053
22079
22055
22067
22456
22129
22184
22130
22437
22020
22115
22034
22101
22012
22018
22079
22069
22769
22770
22740
22038
22050
22455
22431
22064
22062
22029
22030
22178
22027
22011
22656
22069
22082
22075
22639
22608
22472
22040
22036
22188
22486
22472
22049
22677
22618
22556
22052
22035
22141
22073
21987
22040
22212
22064
22061
22191
22219
22057
22047
22717
22136
22164
22131
22058
22063
22071
22018
22106
22087
22714
22709
22701
22045
22041
22609
22575
22371
22362
22155
22788
22059
22262
22134
22084
21998
22017
22045
22130
22009
22036
22000
22062
22069
22028
22168
22035
22077
22445
22467
22094
22705
22073
22045
22058
22075
22080
22098
22116
22069
22053
22082
22074
22092
22508
22468
22285
22732
22594
22028
22004
22084
22090
22027
21990
22080
22053
22046
22234
22697
22660
22626
22622
22618
22123
22140
22033
22064
22058
22056
22010
22286
22287
22243
22191
22146
22060
22016
22026
22055
22142
22079
22075
22750
22604
22595
22048
22011
22146
22122
22096
22145
22110
22064
22049
22082
22699
22450
22441
22426
22068
22010
22028
22046
22106
22318
22306
22032
22037
22002
22443
22433
22326
22305
22299
22243
22521
22344
22618
22611
22066
22328
22329
22041
22663
22594
22576
23225
23009
22992
22538
22515
22490
22476
22397
22037
21982
22034
22950
22935
22921
22893
22728
21995
22586
22536
22508
22487
22343
22806
22693
22234
22212
22196
22206
22165
22032
22199
22245
22052
22380
22008
22055
22025
22248
22198
22114
22155
22135
22124
22122
22126
22147
22132
22122
22080
22070
22031
22082
22097
22045
22125
21950
21986
21989
22012
21995
22119
22277
22081
22051
22042
22042
22079
22058
22061
22146
22127
22030
22066
22069
22334
22311
22254
22041
22066
22068
22191
22168
22148
22133
21997
22029
22061
21958
22056
22051
22246
22406
22378
22380
22330
22239
22201
22144
22955
22964
22035
22084
22072
22399
22174
22027
22035
22113
22017
22027
22054
22055
22256
22198
22182
22068
22030
22108
22061
22029
22128
22024
22276
22250
22182
22148
22063
22028
22017
22023
22023
22028
22000
22278
22286
22296
22266
22202
22211
22202
22196
22172
21912
22057
22081
22118
22067
22172
22164
22028
22075
22494
22038
22040
22072
21997
22025
22021
22026
22067
22702
22691
22645
22598
22564
22557
22544
22185
22135
22091
22102
22121
22093
22106
22046
22053
22015
22179
22008
22055
21995
22090
22063
22032
22697
22678
22703
22079
22054
22020
22232
22092
22090
22286
21996
22072
22043
22130
22167
22844
22066
22080
22049
22091
22370
22122
22094
22239
22236
22202
22053
22086
22642
22634
22641
22069
22439
22432
22006
22170
22106
22099
22167
22453
22342
22330
22039
22083
22055
22016
22092
22031
22048
22009
22051
22012
22066
22747
22711
22051
22045
22057
22154
22104
22789
22170
22162
22104
22168
22451
22425
22168
22141
22257
22256
22241
22153
22326
22790
22759
22709
22036
22049
22069
22615
22594
22549
22075
22090
22083
22079
22056
22169
22092
22073
22058
22029
22051
22044
22332
23194
23179
23158
22159
22139
22870
22867
22838
22164
22162
22144
22098
22102
22029
22007
22038
22026
22482
22016
22026
22090
22085
22042
22038
22041
22026
22136
22213
22021
22057
22044
22172
22195
21987
21995
22034
22044
22070
22043
22647
22607
22612
22585
22098
22664
22606
22581
22521
22498
22642
22577
22545
22539
22049
22043
22009
22361
22332
22321
22601
22590
22575
22208
22211
22025
21994
22346
22299
22299
22296
22074
22067
22310
22240
22218
22087
21995
22132
22116
22096
22068
22092
22077
22008
22058
22733
22641
22032
22023
22136
22130
22134
22009
22321
22286
22737
22716
22276
22270
22240
22190
22194
22004
22038
22035
22066
22260
22395
22069
22069
22022
22069
22026
22030
22025
22697
22650
22623
21973
22045
22065
22329
21982
22088
22006
22350
22512
22140
22297
22306
22024
22046
21981
22097
22106
22112
22090
22067
22291
22270
22272
22074
22054
22122
22060
22117
22136
22449
22016
22076
22096
22055
22041
21998
22083
22065
22051
22040
22050
22071
22223
22131
22210
22149
22137
23060
23067
22837
22160
22151
22109
22096
22637
22623
22576
22023
22235
22228
22234
22160
22172
22079
22375
22354
22336
22062
22016
22028
22116
21984
23028
22279
22263
22260
22258
22050
22021
22031
22016
22268
22220
22211
22082
22252
22241
22064
22057
22069
22117
22073
22102
22090
22144
22132
22006
22037
22012
22083
22035
22065
22553
22456
22076
22423
22483
22455
22031
22024
22198
22198
22097
22056
22642
22037
22286
22179
22125
22109
22076
22032
22146
21970
22044
23869
21996
21996
22084
22063
22085
22070
22072
22152
22128
22106
22082
22057
22078
22188
22264
22258
22169
21999
21971
21998
22043
22073
22160
21985
22008
22046
22027
22070
22056
22033
22602
22319
22059
22039
22151
22398
22334
22096
22091
22059
22061
22051
22017
22029
22085
22110
22712
22018
22034
22076
22064
22041
22115
22658
22610
22569
22537
22116
22068
22447
22052
22229
22200
22055
22021
22593
22054
22040
22233
22201
22102
22205
22171
22162
22150
22619
22482
22462
22428
22050
22066
22228
21977
22038
22260
22261
22233
22064
22066
22041
22316
22270
22066
22499
22487
22431
22048
22100
22102
22087
22071
22185
22126
22116
22003
22033
22101
22134
22108
22267
22074
22203
22149
22012
22029
22304
22292
22255
22125
22089
22102
22120
22118
22386
22367
22157
22000
22433
22689
22046
22039
22060
22223
22051
22206
22047
22067
22234
22010
22100
22034
22199
22167
22170
22487
22450
22423
22381
22365
22061
22034
22028
22128
22059
22042
22027
21992
22025
22051
22030
22035
22175
22370
22003
22263
22246
22171
22061
22046
22044
22045
22178
22276
22281
22092
22054
22023
22011
22469
22040
22051
22064
22779
22026
22755
22739
22741
22657
22183
22751
22735
22689
22679
22138
22722
22680
22682
22682
22016
22054
22085
22174
22031
22026
22058
22079
22170
22363
22028
22601
22503
22496
22106
22107
22077
22163
22027
22054
22065
22069
22035
22091
22000
22023
22181
22170
22130
22018
22051
22058
22033
22044
22120
22059
22035
21948
22123
22135
22109
22085
22040
22019
22013
22029
22025
22519
22052
21984
22228
21995
22070
22077
22019
22611
21990
22016
21999
22065
22201
22294
22299
22384
22281
22276
22025
22019
22107
22133
22413
22364
22360
22337
22148
21976
22053
22064
22057
22288
22151
22821
22652
22643
22064
22076
22132
22085
22080
22086
22207
22192
22167
22107
22148
22116
22079
22174
22367
22102
22370
22355
22074
22085
22073
22076
22083
22084
22120
22183
22169
22147
22023
22000
22030
22019
22533
22088
22048
22064
22432
22406
22062
22178
22203
22210
22448
22022
21994
22008
22035
22709
22658
22190
22164
22262
22267
22244
22798
22695
22161
22131
22738
22698
22639
22092
22774
22740
22662
22618
22164
22049
22355
22303
22274
22072
22055
22063
22054
22051
22073
22054
22026
22061
22108
22142
22147
22136
22017
22248
22212
22150
22343
22171
22547
22438
22432
22434
22050
22055
22082
22069
22083
22045
22084
22043
22129
22085
22057
22045
22939
22770
22725
22053
22031
22779
22665
22537
22533
22498
22450
22445
22410
22375
22037
22086
22048
22008
22067
22016
22065
22025
22034
22044
22085
22048
22145
22102
22416
22386
22374
22287
22248
22235
22303
22250
22063
22053
22041
22207
22114
22115
22094
22933
22902
22869
22870
22855
22697
22652
22618
22574
22568
22532
22474
22038
22029
22041
22129
22108
22083
22441
22364
21984
22069
22150
22090
22029
21992
22089
22024
22050
22509
22077
22073
22226
22235
22172
21980
22064
22071
22061
22034
21988
22183
22164
22161
22002
22031
22051
22050
22033
22049
23068
23066
22080
21976
22066
22056
22126
22134
22106
22071
22006
22034
22037
22015
22117
22084
22091
22092
22067
22069
22080
22022
22034
22085
22059
22111
22894
22037
22382
22031
22106
22037
22234
22193
22049
22088
22163
22132
22132
22070
22042
22200
22141
22085
22057
22071
22025
22037
22032
22109
22117
22107
22046
22109
21991
22716
22056
22275
22281
22034
22038
22040
22125
22720
21989
22183
22170
22007
22072
22068
22009
22083
22089
22467
22728
22024
22083
22051
22705
22636
22620
22033
21999
22036
22394
22234
22026
22060
22039
23116
22051
22661
22629
22613
22526
22498
22020
22149
22120
22209
22074
22242
22220
22197
22322
22310
22262
22252
22059
22036
22063
22108
22117
22068
22646
22655
22206
22733
22076
22074
22053
22032
22717
22025
23343
23342
22086
22093
22098
22551
22059
22377
22014
22064
22049
22011
22068
22006
22063
22087
22083
21977
22058
22008
22056
22167
22355
22366
21987
22082
22512
22515
22081
22125
22109
22023
22055
22055
22709
22671
22072
22075
22093
22106
22608
22525
22133
22718
22090
22302
22024
22042
22068
22071
22030
22561
22078
22065
22030
22343
22054
22062
22191
22056
22024
22639
22050
22043
22094
22027
22081
22071
21985
22129
22091
22681
22562
22071
22002
22083
22020
22033
22194
22138
22036
21990
22136
22070
22069
22089
22025
21994
22129
22029
22062
22073
22105
22102
22021
21997
22367
22354
22348
22202
22674
22044
22228
22124
22121
22075
22041
22412
22071
22103
22012
22719
22913
22836
22326
22199
22078
22101
22108
22032
22885
22886
22018
22198
22069
22069
22083
22111
22124
22211
22509
22003
22031
22016
22018
22045
22049
22009
22042
22025
22141
22053
22035
22220
22235
22209
23975
22022
22073
22010
22042
22030
22033
22070
22349
22036
22434
22408
22413
23313
22292
22013
22138
22061
22041
22022
22522
22492
22493
22431
22036
22603
22553
22675
22662
22633
22564
22552
22522
22333
22284
22033
22020
22028
22056
22156
22139
22017
22293
22009
22028
21994
22144
22063
22016
22025
22177
22322
22272
22157
22754
22737
22638
22190
22333
22048
22053
22054
22251
22016
22157
22221
22222
22029
22100
22077
22175
22089
21961
22008
22348
22040
22133
22156
22103
22173
22042
22136
22041
22047
22058
22486
22024
22018
22054
21964
22040
22029
22018
22044
22065
22419
22101
22076
22551
22275
22258
22026
22038
22011
22072
22152
22211
22022
22147
22216
22201
22658
22579
22037
22111
22112
22084
22061
22050
22102
22099
22019
22115
22126
22706
22680
22032
22220
22290
22041
22070
22035
22045
22279
22278
22051
22078
22329
22845
22782
22783
22757
22706
22690
22577
22674
22673
22072
22697
22182
22027
22514
22023
22320
22801
22786
22028
22116
22783
22141
22170
22006
22073
22032
22057
22036
22014
22181
22050
22038
22352
22071
22220
22250
22006
22065
22540
22044
22059
22048
22551
22076
22130
22108
22055
22018
22043
22083
22018
22066
22112
22057
22063
22447
22426
22433
22054
22050
22053
22021
22423
22130
22125
22123
22115
22324
22105
22096
22093
22083
22056
22007
22151
22107
22540
22084
22075
22070
22491
22444
22037
22278
22073
22057
22042
22089
22074
22123
22132
22104
22719
22702
22041
22059
22332
22293
23106
23106
23090
23081
23074
22048
22048
22064
22106
22895
22902
22891
22877
22890
22108
22099
22426
22399
22048
22035
22091
22101
22467
22444
22407
22626
22601
22587
22557
22042
22038
22028
22032
22039
22056
22176
22199
22190
22176
22172
22031
22031
22062
22063
22254
22221
22218
22205
22044
22481
22466
22040
22107
22062
22100
22238
22241
22238
22014
22025
22034
22105
21997
22067
22103
21996
22242
22042
22067
22045
22387
22379
22136
22039
22054
22309
22322
22026
22155
22064
22037
22171
22173
22050
22082
22034
22059
22018
22052
22018
22068
22033
22008
22695
22686
22048
22059
22082
22063
22079
22097
22124
22332
22300
22761
22027
22045
22055
22059
22043
22031
22112
22017
22099
22080
22054
22099
22143
22047
22006
22056
22048
22053
22052
21970
22051
22049
22142
22077
22067
22038
22365
22263
22273
22234
22252
22083
22086
22079
22047
22082
22067
22054
22124
22647
22644
22638
22052
22031
22068
22182
22024
22431
22259
22119
22055
22105
22037
22051
22030
22194
22096
22015
22223
22040
22175
22164
22148
22080
22072
22099
22278
22021
22000
22675
22115
22021
22247
22218
22210
22182
22160
22132
22038
22652
22648
22583
22014
22032
22059
22186
22160
22281
22650
22607
22607
22611
22538
22096
22011
22178
22021
22007
22240
22031
22044
22615
22613
22584
22564
22549
22521
22319
22277
22287
22288
22286
22218
22097
22086
22334
22364
22108
22157
22081
22136
22078
22045
22163
22127
22117
22129
22093
22044
22072
22014
22062
22158
22039
21990
22008
22104
21926
22054
22073
22079
22366
22309
22028
22026
22223
22356
22351
22531
22604
22066
22012
22059
22530
22037
22012
22075
22154
22499
22350
22022
22036
22013
22007
22048
22019
22967
22007
22018
22041
22373
22314
22067
22052
22083
22052
22277
22720
22007
22210
22200
22216
22147
21994
22006
22006
22058
22019
22339
22053
22063
22051
22077
22020
23389
22240
22047
22102
22068
22428
22027
22072
22070
22028
22034
22601
22003
22022
22120
22090
22081
22111
22674
22675
22101
22036
22037
21965
22478
22453
22455
22363
22501
22505
22124
22055
22562
22506
22511
22484
22476
22421
22059
22058
22053
22035
22136
22023
22016
22022
22017
22002
22091
22101
22070
22063
22075
22108
22122
22115
22106
22518
22404
22085
22541
22531
22516
22434
22382
22343
22352
22317
22305
22300
22431
22417
22412
22413
22413
22743
22716
22703
22703
22700
22084
22063
22051
22027
22019
22098
22751
22740
22656
22647
22634
23467
23416
23407
22232
22243
22355
22348
22320
22250
22191
22038
21992
21994
22011
22024
22007
22014
22088
22058
22043
22035
22054
22021
22190
22146
22264
22399
22332
22335
22321
22325
22034
22398
22379
22362
22311
22269
22022
22057
22086
22056
22134
22056
22040
22737
22318
22281
22016
22192
22226
22225
22216
22031
22110
22113
22108
22090
22037
22320
22328
22340
22307
22040
22088
22035
22123
22101
22220
22933
22921
22908
22889
22864
22846
22088
22098
22024
22025
22018
22067
22070
22120
22132
22108
22120
22088
22039
22224
22456
22444
22428
22429
22024
22066
22010
22160
22157
22076
22070
22005
22045
22045
22716
22694
24583
24349
24352
24364
22413
22361
22361
22349
22323
22020
22024
22035
22436
22413
22055
22308
22317
22319
22310
22626
22492
22490
22444
23237
23187
22035
22035
22069
22010
22179
22086
22090
22117
22113
22030
22164
22183
22024
22114
22124
22041
22211
22462
22462
22462
22469
22190
22187
22367
22352
22238
22536
22536
22506
22491
22466
22477
22449
22458
22445
22022
22022
22584
22576
22567
22538
22527
22416
22399
22381
22376
22122
22363
22287
22275
22167
22026
22019
22339
22334
22020
22053
22057
22645
22656
22624
22594
22004
22119
22097
22087
22078
22084
22081
22066
22071
22085
22071
22134
22803
22789
22774
22064
22120
22388
22384
22390
22328
22287
22285
22277
22265
22268
22246
22626
22122
22108
22141
22133
22080
22122
22770
22751
22738
22722
22630
22017
22002
22309
22807
22810
22819
22097
22102
22100
22015
22052
22024
22077
22111
22088
22061
22182
22015
22897
22908
22852
22800
22106
22048
22158
22145
22353
22350
22086
22096
22096
22055
22324
22768
22773
22784
22776
22643
22549
22010
22330
22314
22310
22065
22074
22074
22110
22101
22559
22558
22533
22469
22424
22428
22430
22091
22623
22613
22090
22087
22082
22063
22048
22084
22087
22091
22129
22124
22058
22059
22194
22145
22131
22033
22019
22292
22243
22224
22183
22037
22643
22630
22620
22015
22099
22082
22086
22080
22088
22001
22047
22050
22136
22120
22269
22250
22227
22206
22210
22194
22042
22193
22178
22177
22060
22020
22042
22528
22483
22478
22438
22447
22451
22445
22429
22324
22096
22075
22170
22154
22156
22798
22098
22107
22112
22225
22197
22043
22721
22063
22281
22205
22065
22453
22454
22427
22194
22036
22551
22542
22532
22501
22506
22496
22500
22469
22468
22163
22640
22637
22618
22109
22071
22448
22413
22393
22385
22246
22046
22534
22511
22502
22512
22488
21988
22016
22019
22222
22144
22098
22092
22086
22100
22078
22068
22581
22028
22436
22298
22024
22045
22029
22028
22113
22102
22080
22078
22076
22060
22033
21986
22008
22153
22139
22112
22727
22056
22041
22118
22130
22107
22132
22080
22293
22294
22298
22287
22289
22154
22139
22129
22125
22125
22124
22120
22119
22119
22116
22037
22139
22115
22134
22250
22213
22054
22043
22053
22096
22126
22219
22201
22059
22002
22173
22174
22174
22670
22663
22668
22729
22054
22066
22057
23346
23330
22131
22114
22075
22217
22148
22138
21974
22070
22036
22032
22031
22035
22042
22199
22191
22195
22173
22135
22127
22092
22095
22029
22034
22077
22057
22420
22388
22391
22390
22311
22257
22072
22091
22049
22061
22022
22045
22067
22068
22062
22059
22007
21996
22072
22052
22226
22234
22217
22211
22007
22042
22266
22292
22282
22526
22025
22079
22077
22105
22147
22514
22145
22131
22101
22237
22198
22126
22120
22084
22049
22056
22089
22049
22022
22282
22889
22850
22826
22795
22763
22712
22670
22677
22603
22576
22027
22437
22415
22400
22393
22401
22044
22045
22041
22194
22136
22735
22065
22055
22062
22088
22296
22054
22563
22427
22019
22170
22055
22063
22121
22064
22107
22057
22066
22077
22047
22640
22033
22060
22055
22032
22075
22014
22007
22127
22474
22058
22103
22024
22013
22066
23606
23598
23569
23559
23563
23558
22039
22084
22860
22872
22875
22486
22471
22469
22454
22451
22043
22027
22040
22102
22089
22092
22090
22212
22221
22229
22122
22117
22086
22366
22352
22299
22284
22095
22110
22104
22012
22010
22105
22536
22527
22094
22092
22235
22233
22224
21995
22002
22012
22088
22082
22019
22025
22207
22192
22179
21996
22018
22076
22054
22042
22020
22324
22331
22678
22665
22248
22255
22867
23790
23749
22055
22024
22035
22140
22460
22436
22177
22169
22744
22718
22611
22110
22085
22064
22035
22032
22041
22084
22056
22106
22105
22061
22074
22097
22089
22282
22260
22250
22216
22112
22079
22108
22073
22020
22107
22484
22483
22733
22730
22741
22143
22127
22017
22059
21955
22026
22023
22206
22136
22538
22505
22066
22042
22091
22127
22061
22021
21992
22018
22352
22133
22120
22106
22092
22074
22440
22404
22410
22403
22383
22018
22019
22172
22103
22812
22010
22061
22223
22210
22010
22281
22289
22247
22252
22264
22052
22015
22032
22036
22058
22059
22065
22163
22134
22128
22115
22101
22102
22080
22088
22092
22074
22177
22028
22036
22024
22562
22539
22035
22053
22055
22079
22052
22031
22141
22111
22081
22055
22051
22037
22037
22009
22379
22287
22711
22383
22334
22324
22313
22300
22080
22106
22459
22094
22095
22106
22100
22093
22074
22473
22134
22135
22420
22426
23840
23856
23843
23790
22367
22378
22366
22348
22237
22125
22092
22077
22085
22090
22076
21952
22196
22199
22196
22183
22075
22063
22228
22224
22219
22205
22198
22174
22268
22636
22638
22576
22525
22534
22702
22176
22168
22156
22064
22042
22067
22043
22063
22066
22047
22040
21999
22028
22402
22057
22098
22172
22090
22078
22053
22326
22273
22095
21985
22008
21955
22218
22003
22146
22148
22043
22069
22048
22098
22015
22002
22040
22158
22651
22584
22040
22183
22164
22131
22166
22176
22159
23114
23097
23092
22078
22052
22036
22032
22069
22103
22113
22105
22060
22051
22111
22215
22139
22044
22058
22025
22248
22206
22178
22038
21986
22010
22029
22489
22730
22692
22193
22214
22377
22662
22656
22664
22666
22663
22046
22985
22312
22294
22278
22229
22241
22252
22229
22224
22172
22174
22120
22093
22070
22091
21992
22377
22357
22791
23601
23588
22348
22354
22364
22245
22222
22052
22074
22135
22110
22074
22049
22032
22035
22124
22020
22055
22096
22101
22524
22692
22075
22032
22016
22064
22133
22134
22041
22050
22050
22054
22047
22023
22099
22287
22270
22089
22029
22036
22833
22827
22825
22669
22658
22616
22731
22713
22701
22030
22029
22055
22042
22568
22368
22328
22407
22419
22395
22720
22032
22389
22370
22340
22247
22218
22065
22163
22147
22148
22110
22206
22104
22073
22061
22140
22088
22143
22106
22514
22512
22489
22456
22428
22070
22081
22063
22347
22810
22799
22061
22070
22202
22189
22170
22156
22020
22701
22684
22365
22312
22017
22310
22299
22285
22276
22202
22187
22076
22045
22020
22029
22260
22782
22763
22693
22073
22047
22392
22364
22378
22252
22028
22582
22022
22042
22051
22103
22044
22510
22457
22459
22407
22395
23018
23028
22236
22237
22305
22254
22998
23009
22995
22072
22055
22222
22225
22003
22483
22483
22113
22096
22136
22177
22169
22049
22058
22034
22031
22239
22211
22100
22092
22055
22149
22150
22147
22079
22755
22744
22733
22711
22698
22693
22685
22685
22072
22063
22066
22138
22342
22339
22358
22349
22093
22057
22068
22057
22112
22661
22136
21962
22061
22031
22083
22047
22036
22050
22056
22024
22454
22529
22497
22132
22077
22432
22329
22284
22043
22028
22056
22016
22029
22090
22084
22102
22082
21990
22015
22417
22413
22374
22039
22397
22383
22374
23512
23470
22034
22058
22308
22547
22519
22076
22466
22747
21997
22034
22092
22048
22076
22097
22093
22078
21976
22033
22061
22046
22056
22050
22328
22316
22403
22323
21998
22138
22505
22148
22089
22105
22113
23749
23699
23642
22844
22795
22781
22056
22029
22125
22035
22017
22010
22064
22073
22082
22674
22005
22136
21995
22072
22156
22188
22170
22012
22450
22249
22072
22059
22031
22107
22116
22079
22023
21996
22681
22633
22324
22284
22072
22097
22065
22030
22040
22062
22332
22013
22040
22068
22255
22145
22076
22056
22058
22099
22045
22088
22084
22043
22064
22161
22154
22070
22599
22002
22088
22195
22021
22059
22088
22021
22066
22101
22156
22028
22000
22100
22051
22034
22081
22131
22108
22055
22067
22055
22046
22176
22172
22116
22021
22333
22320
22007
22071
22043
22099
22052
22070
22065
22046
22650
22313
22321
22295
22287
22100
22084
22484
22153
22149
22018
22046
21995
23476
22071
22036
22452
22400
22373
22466
22583
22555
22511
22464
22098
22069
21313
22070
22036
22743
22704
22686
22951
22942
22937
22897
22038
22011
22025
22113
22294
22260
22073
22055
22039
22048
22038
22072
22115
22219
22207
22082
22078
22212
22155
22113
22025
22145
22175
22196
22005
22057
21989
22099
22000
22035
22509
22104
22467
22338
22093
22002
22431
22060
22022
22011
22134
22584
22039
21996
22383
22364
22010
21984
22037
22037
22089
22080
22028
22029
22009
22207
22041
22118
22028
22014
22625
22622
22378
22204
22054
22044
22117
22447
22163
22366
22023
22013
22130
22068
22097
22046
22044
22038
22072
22014
22027
22139
22634
22211
21991
22031
22065
22045
22008
22557
22279
22290
22055
22088
22387
22031
22793
22123
22209
22744
22131
22029
21988
22313
22700
22134
22011
22022
22590
22033
22103
22057
22038
22063
22106
21997
22023
21993
22065
22071
22088
22054
22377
22110
22684
22607
22095
22034
22014
22635
22084
22057
22157
22022
22168
22073
22231
22152
22120
22119
22146
22609
22199
22042
22196
22725
22143
22052
22053
22047
22106
22204
22111
22026
22043
22261
22072
22041
22008
22044
22059
21975
22260
22158
22009
22712
22033
22069
22141
22133
22063
22239
22042
22514
22013
22059
22539
22151
22018
22118
22120
22065
22058
22032
22030
22014
22072
22049
22326
22032
22085
22230
22064
22052
22043
22034
22132
22119
22086
22395
22009
22526
22029
22106
22582
22349
22320
22033
22086
22122
22024
22607
22065
22083
22215
22011
22056
22072
22021
22113
22130
22171
22066
22115
22030
21999
22062
22054
22019
22032
22002
22004
22044
22192
22033
22084
22003
22067
22048
22732
22091
21973
21925
22053
22082
22083
22050
22026
22005
22147
22095
22069
22043
22086
22034
21983
22074
22039
22412
22414
22002
22178
22042
22058
22113
22351
22292
22508
22088
22341
22017
22048
22015
22030
22108
22001
22072
22041
22065
22517
22109
22087
22126
22155
22008
22051
21945
22302
22037
22054
22036
22416
22275
22254
22032
22077
22398
22004
22064
22419
22341
22299
22115
22096
22053
22176
22133
22027
22062
22021
22200
22392
22058
22017
22053
22111
22037
22060
22060
22191
22094
22278
22064
22286
22231
22196
22046
22048
22149
22129
22053
22123
22033
21995
22043
22210
22015
22089
21967
22598
22014
22035
22078
22052
22018
22109
22064
22018
22449
22375
22696
22707
22016
22042
22014
22178
22060
22205
23589
23573
22056
22051
22026
22399
22355
22323
22129
22100
22005
22281
22004
22122
22072
22018
22046
22057
22060
22027
22112
22039
22510
22118
22121
22034
22025
22087
22048
22026
22092
22086
22052
22076
22013
22051
22033
22015
22038
22006
22025
22232
22022
22099
22106
22031
21992
22129
22039
22114
22082
22151
22047
22020
22159
22157
22316
22043
22080
22014
22044
22051
22022
22000
22010
22150
22133
22105
22087
22113
22129
22017
22351
22287
22022
22077
22111
22088
22038
22135
22091
22190
22030
22089
22045
22486
22099
22079
22052
21991
22044
22032
22378
22326
22281
22265
22029
22008
22092
22014
21990
22000
22034
22082
22039
22129
22011
21978
22045
22002
22092
22127
22165
22091
22038
22079
22052
22039
22254
22242
22094
22200
22053
22054
22806
22049
21996
22052
22111
22062
22250
22048
22042
22050
22044
22193
22209
22089
22023
22057
22006
22041
22030
22086
22039
22051
22044
22184
22371
22069
22012
21981
22044
21995
22027
22610
22026
22036
22293
21957
22392
22213
22208
22185
