####################### CME
UB_0 5700 900 900 5700
UB_0 5700 900 900 5700 0 30
UB_0 5700 900 900 5700 0.3 25
UB_0 5700 900 900 5700 0.5 30
UB_0 5700 900 900 5700 1.0 0
YM_0 6000 1000 1000 6000
YM_0 6000 1000 1000 6000 0 20
YM_0 6000 1000 1000 6000 0.25000 20
YM_0 6000 1000 1000 6000 0.5000 20
YM_0 6000 1000 1000 6000 1.0 0
ZB_0 6000 1000 1000 6000
ZB_0 6000 1000 1000 6000 0 200
ZB_0 6000 1000 1000 6000 0.25000 200
ZB_0 6000 1000 1000 6000 0.5000 200
ZB_0 6000 1000 1000 6000 1.0 0
ZF_0 6000 1000 1000 6000
ZF_0 6000 1000 1000 6000 0.25000 600
ZF_0 6000 1000 1000 6000 0.5000 600
ZF_0 6000 1000 1000 6000 0 600
ZF_0 6000 1000 1000 6000 1.0 0
ZN_0 6500 900 900 6500 
ZN_0 6500 900 900 6500 0.25000 600
ZN_0 6500 900 900 6500 0.5000 600
ZN_0 6500 900 900 6500 0 600
ZN_0 6500 900 900 6500 1.0 0
ZT_0 6000 1000 1000 6000
ZT_0 6000 1000 1000 6000 0.25000 6000
ZT_0 6000 1000 1000 6000 0.5000 6000
ZT_0 6000 1000 1000 6000 0 6000
ZT_0 6000 1000 1000 6000 1.0 0
NQ_0 6000 1000 1000 6000
NQ_0 6000 1000 1000 6000 0.25000 50
NQ_0 6000 1000 1000 6000 0 50
NQ_0 6000 1000 1000 6000 0.5000 50
NQ_0 6000 1000 1000 6000 1.0 0
GC_0 6000 1000 1000 6000
GC_0 6000 1000 1000 6000 0 10
GC_0 6000 1000 1000 6000 0.25000 10
GC_0 6000 1000 1000 6000 0.5000 10
GC_0 6000 1000 1000 6000 1.0 0
CL_0 6000 1000 1000 6000
CL_0 6000 1000 1000 6000 0 10
CL_0 6000 1000 1000 6000 0.25000 10
CL_0 6000 1000 1000 6000 0.5000 10
CL_0 6000 1000 1000 6000 1.0 0
ES_0 6000 1000 1000 6000
ES_0 6000 1000 1000 6000 0.25000 300
ES_0 6000 1000 1000 6000 0 300
ES_0 6000 1000 1000 6000 0.5000 300
ES_0 6000 1000 1000 6000 1.0 0
6A_0 6000 1000 1000 6000
6A_0 6000 1000 1000 6000 0.25000 80
6A_0 6000 1000 1000 6000 0.5000 80
6A_0 6000 1000 1000 6000 0 80
6A_0 6000 1000 1000 6000 1.0 0
6B_0 6000 1000 1000 6000
6B_0 6000 1000 1000 6000 0.25000 40
6B_0 6000 1000 1000 6000 0 40
6B_0 6000 1000 1000 6000 0.5000 40
6B_0 6000 1000 1000 6000 1.0 0
6C_0 6000 1000 1000 6000
6C_0 6000 1000 1000 6000 0.25000 40
6C_0 6000 1000 1000 6000 0 40
6C_0 6000 1000 1000 6000 0.5000 40
6C_0 6000 1000 1000 6000 1.0 0
6E_0 6000 1000 1000 6000
6E_0 6000 1000 1000 6000 0.25000 80
6E_0 6000 1000 1000 6000 0.5000 80
6E_0 6000 1000 1000 6000 0 80
6E_0 6000 1000 1000 6000 1.0 0
6J_0 6000 1000 1000 6000
6J_0 6000 1000 1000 6000 0.25000 40
6J_0 6000 1000 1000 6000 0 40
6J_0 6000 1000 1000 6000 0.5000 40
6J_0 6000 1000 1000 6000 1.0 0
6M_0 6000 1000 1000 6000
6M_0 6000 1000 1000 6000 0.25000 40
6M_0 6000 1000 1000 6000 0 40
6M_0 6000 1000 1000 6000 0.5000 40
6M_0 6000 1000 1000 6000 1.0 0
6N_0 6000 1000 1000 6000
6N_0 6000 1000 1000 6000 0.25000 30
6N_0 6000 1000 1000 6000 0 30
6N_0 6000 1000 1000 6000 0.5000 30
6N_0 6000 1000 1000 6000 1.0 0
6S_0 6000 1000 1000 6000
6S_0 6000 1000 1000 6000 0.25000 30
6S_0 6000 1000 1000 6000 0 30
6S_0 6000 1000 1000 6000 0.5000 30
6S_0 6000 1000 1000 6000 1.0 0
####################### MX
SXF_0 1000 1000 1000 1000
SXF_0 1000 1000 1000 1000 0.25000 50
SXF_0 1000 1000 1000 1000 0 50
SXF_0 1000 1000 1000 1000 0.5000 50
SXF_0 1000 1000 1000 1000 1.0 0
CGB_0 1000 1000 1000 1000
CGB_0 1000 1000 1000 1000 0.25000 50
CGB_0 1000 1000 1000 1000 0 50
CGB_0 1000 1000 1000 1000 0.5000 50
CGB_0 1000 1000 1000 1000 1.0 0
BAX_0 1000 1000 1000 1000
BAX_0 1000 1000 1000 1000 0 500
BAX_1 1000 1000 1000 1000 
BAX_1 1000 1000 1000 1000 0 500
BAX_2 1000 1000 1000 1000
BAX_2 1000 1000 1000 1000 0 500
BAX_3 1000 1000 1000 1000
BAX_3 1000 1000 1000 1000 0 500
BAX_4 1000 1000 1000 1000
BAX_4 1000 1000 1000 1000 0 500
BAX_5 1000 1000 1000 1000
BAX_5 1000 1000 1000 1000 0 500
BAX_6 1000 1000 1000 1000
BAX_6 1000 1000 1000 1000 0 500
####################### BMF
DI1F16 1500 1500 1500 1500 0.75 3000
DI1F15 1500 1500 1500 1500 0.75 3000
DI1F19 1500 1500 1500 1500
DI1F17 1500 1500 1500 1500
DI1N14 1500 1500 1500 1500
DI1F18 1500 1500 1500 1500
BR_DOL_0 1000 1000 1000 1000
BR_DOL_0 1000 1000 1000 1000 0.25000 400
BR_DOL_0 1000 1000 1000 1000 0 400
BR_DOL_0 1000 1000 1000 1000 0.5000 400
BR_DOL_0 1000 1000 1000 1000 1.0 0
BR_IND_0 180 180 280 180
BR_IND_0 180 180 280 180 0.25000 40
BR_IND_0 180 180 280 180 0 40
BR_IND_0 180 180 280 180 0.5000 40
BR_IND_0 180 180 280 180 1.0 0
BR_WDO_0 1000 1000 1000 1000
BR_WDO_0 1000 1000 1000 1000 0.25000 400
BR_WDO_0 1000 1000 1000 1000 0 400
BR_WDO_0 1000 1000 1000 1000 0.5000 400
BR_WDO_0 1000 1000 1000 1000 1.0 0
BR_WIN_0 1000 1000 1000 1000
BR_WIN_0 1000 1000 1000 1000 0.25000 400
BR_WIN_0 1000 1000 1000 1000 0 400
BR_WIN_0 1000 1000 1000 1000 0.5000 400
BR_WIN_0 1000 1000 1000 1000 1.0 0
####################### EUREX
FVS_0 5000 2000 2000 5000 0.5 15
FVS_1 5000 2000 2000 5000 0.5 15
FVS_2 5000 2000 2000 5000 0.5 15
FVS_3 5000 2000 2000 5000 0.5 15
FVS_4 5000 2000 2000 5000 0.5 15
FVS_5 5000 2000 2000 5000 0.5 15
FVS_6 5000 2000 2000 5000 0.5 15
FVS_7 5000 2000 2000 5000 0.5 15
FBTP_0 5000 2000 2000 5000
FBTP_0 5000 2000 2000 5000 0.25000 5
FBTP_0 5000 2000 2000 5000 0 5
FBTP_0 5000 2000 2000 5000 0.5000 5
FBTP_0 5000 2000 2000 5000 1.0 0
FBTS_0 5000 2000 2000 5000
FBTS_0 5000 2000 2000 5000 0.25000 5
FBTS_0 5000 2000 2000 5000 0 5
FBTS_0 5000 2000 2000 5000 0.5000 5
FBTS_0 5000 2000 2000 5000 1.0 0
FDAX_0 5000 2000 2000 5000
FDAX_0 5000 2000 2000 5000 0 10
FDAX_0 5000 2000 2000 5000 0.25000 10
FDAX_0 5000 2000 2000 5000 0.5000 10
FDAX_0 5000 2000 2000 5000 1.0 0
FESX_0 5000 2000 2000 5000
FESX_0 5000 2000 2000 5000 0.25000 280
FESX_0 5000 2000 2000 5000 0 280
FESX_0 5000 2000 2000 5000 0.5000 280
FESX_0 5000 2000 2000 5000 1.0 0
FGBL_0 4600 1700 1700 4600
FGBL_0 4600 1700 1700 4600 0 100
FGBL_0 4600 1700 1700 4600 0.25 100
FGBL_0 4600 1700 1700 4600 0.5 100
FGBL_0 4600 1700 1700 4600 0.7 100
FGBL_0 4600 1700 1700 4600 1.0 0
FGBM_0 5000 2000 2000 5000
FGBM_0 5000 2000 2000 5000 0 150
FGBM_0 5000 2000 2000 5000 0.25000 150
FGBM_0 5000 2000 2000 5000 0.5000 150
FGBM_0 5000 2000 2000 5000 1.0 0
FGBS_0 5000 2000 2000 5000
FGBS_0 5000 2000 2000 5000 0.25000 300
FGBS_0 5000 2000 2000 5000 0 300
FGBS_0 5000 2000 2000 5000 0.5000 300
FGBS_0 5000 2000 2000 5000 1.0 0
FGBX_0 5000 2000 2000 5000
FGBX_0 5000 2000 2000 5000 0.25000 5
FGBX_0 5000 2000 2000 5000 0 5
FGBX_0 5000 2000 2000 5000 0.5000 5
FGBX_0 5000 2000 2000 5000 1.0 0
FOAT_0 5000 2000 2000 5000
FOAT_0 5000 2000 2000 5000 0.25000 5
FOAT_0 5000 2000 2000 5000 0 5
FOAT_0 5000 2000 2000 5000 0.5000 5
FOAT_0 5000 2000 2000 5000 1.0 0
FSMI_0 5000 2000 2000 5000
FSMI_0 5000 2000 2000 5000 0 15
FSMI_0 5000 2000 2000 5000 0.25000 15
FSMI_0 5000 2000 2000 5000 0.5000 15
FSMI_0 5000 2000 2000 5000 1.0 0
FSTB_0 5000 2000 2000 5000
FSTB_0 5000 2000 2000 5000 0 100
FSTB_0 5000 2000 2000 5000 0.25000 100
FSTB_0 5000 2000 2000 5000 0.5000 100
FSTB_0 5000 2000 2000 5000 1.0 0
FSTG_0 5000 2000 2000 5000
FSTG_0 5000 2000 2000 5000 0 100
FSTG_0 5000 2000 2000 5000 0.25000 100
FSTG_0 5000 2000 2000 5000 0.5000 100
FSTG_0 5000 2000 2000 5000 1.0 0
FXXP_0 5000 2000 2000 5000
FXXP_0 5000 2000 2000 5000 0 100
FXXP_0 5000 2000 2000 5000 0.25000 100
FXXP_0 5000 2000 2000 5000 0.5000 100
FXXP_0 5000 2000 2000 5000 1.0 0
####################### LIFFE
#JFFCE_0 1000 1000 1000 1000
#JFFCE_0 1000 1000 1000 1000 0 15
#JFFCE_0 1000 1000 1000 1000 0.25000 15
JFFCE_0 2500 1000 1500 1500 0.7000 1500
#JFFCE_0 1000 1000 1000 1000 1.0 0
#KFFTI_0 500 500 500 500
#KFFTI_0 500 500 500 500 0 15
KFFTI_0 1400 900 1500 1400 0.30 15000
#KFFTI_0 2000 2000 2000 500 0.2500 15
#KFFTI_0 500 500 500 500 1.0 0
LFI_0 2500 1250 1250 1250
LFI_0 2500 1250 1250 1250 0.22500 2500
LFI_0 2500 1250 1250 1250 0 1250
LFI_0 2500 1250 1250 1250 0.2500 2500
LFI_0 2500 1250 1250 1250 1.0 0
LFI_1 2500 1250 1250 1250
LFI_1 2500 1250 1250 1250 0.22500 2500
LFI_1 2500 1250 1250 1250 0 1250
LFI_1 2500 1250 1250 1250 0.2500 2500
LFI_1 2500 1250 1250 1250 1.0 0
LFI_2 2500 1250 1250 1250
LFI_2 2500 1250 1250 1250 0.22500 2500
LFI_2 2500 1250 1250 1250 0 1250
LFI_2 2500 1250 1250 1250 0.2500 2500
LFI_2 2500 1250 1250 1250 1.0 0
LFI_3 2500 1250 1250 1250
LFI_3 2500 1250 1250 1250 0.22500 2500
LFI_3 2500 1250 1250 1250 0 1250
LFI_3 2500 1250 1250 1250 0.2500 2500
LFI_3 2500 1250 1250 1250 1.0 0
LFI_4 2500 1250 1250 1250
LFI_4 2500 1250 1250 1250 0.22500 2500
LFI_4 2500 1250 1250 1250 0 1250
LFI_4 2500 1250 1250 1250 0.2500 2500
LFI_4 2500 1250 1250 1250 1.0 0
LFI_5 1250 1250 1250 1250
LFI_5 1250 1250 1250 1250 0.22500 2500
LFI_5 1250 1250 1250 1250 0 1250
LFI_5 1250 1250 1250 1250 0.2500 2500
LFI_5 1250 1250 1250 1250 1.0 0
LFI_6 1250 1250 1250 1250
LFI_6 1250 1250 1250 1250 0.22500 2500
LFI_6 1250 1250 1250 1250 0 1250
LFI_6 1250 1250 1250 1250 0.2500 2500
LFI_6 1250 1250 1250 1250 1.0 0
LFL_0 1250 1250 1250 1250
LFL_0 1250 1250 1250 1250 0.22500 2500
LFL_0 1250 1250 1250 1250 0 1250
LFL_0 1250 1250 1250 1250 0.2500 2500
LFL_0 1250 1250 1250 1250 1.0 0
LFL_1 1250 1250 1250 1250
LFL_1 1250 1250 1250 1250 0.22500 2500
LFL_1 1250 1250 1250 1250 0 1250
LFL_1 1250 1250 1250 1250 0.2500 2500
LFL_1 1250 1250 1250 1250 1.0 0
LFL_2 1250 1250 1250 1250
LFL_2 1250 1250 1250 1250 0.22500 2500
LFL_2 1250 1250 1250 1250 0 1250
LFL_2 1250 1250 1250 1250 0.2500 2500
LFL_2 1250 1250 1250 1250 1.0 0
LFL_3 1250 1250 1250 1250
LFL_3 1250 1250 1250 1250 0.22500 2500
LFL_3 1250 1250 1250 1250 0 1250
LFL_3 1250 1250 1250 1250 0.2500 2500
LFL_3 1250 1250 1250 1250 1.0 0
LFL_4 1250 1250 1250 1250
LFL_4 1250 1250 1250 1250 0.22500 2500
LFL_4 1250 1250 1250 1250 0 1250
LFL_4 1250 1250 1250 1250 0.2500 2500
LFL_4 1250 1250 1250 1250 1.0 0
LFL_5 1250 1250 1250 1250
LFL_5 1250 1250 1250 1250 0.22500 2500
LFL_5 1250 1250 1250 1250 0 1250
LFL_5 1250 1250 1250 1250 0.2500 2500
LFL_5 1250 1250 1250 1250 1.0 0
LFL_6 1250 1250 1250 1250
LFL_6 1250 1250 1250 1250 0.22500 2500
LFL_6 1250 1250 1250 1250 0 1250
LFL_6 1250 1250 1250 1250 0.2500 2500
LFL_6 1250 1250 1250 1250 1.0 0
LFR_0 1100 1100 1100 1100
LFR_0 1100 1100 1100 1100 0.22500 30
LFR_0 1100 1100 1100 1100 0.2500 30
LFR_0 1100 1100 1100 1100 0 30
LFR_0 1100 1100 1100 1100 1.0 0
LFZ_0 1100 1100 1100 1100
LFZ_0 1100 1100 1100 1100 0 10
LFZ_0 1100 1100 1100 1100 0.22500 10
LFZ_0 1100 1100 1100 1100 0.2500 10
LFZ_0 1100 1100 1100 1100 1.0 0
SP_LFI2_LFI3 2500 1250 1250 1250
SP_LFI2_LFI3 2500 1250 1250 1250 0.22500 2500
SP_LFI2_LFI3 2500 1250 1250 1250 0 1250
SP_LFI2_LFI3 2500 1250 1250 1250 0.2500 2500
SP_LFI2_LFI3 2500 1250 1250 1250 1.0 0
YFEBM_0 1100 1100 1100 1100
####################### HKEX
HSI_0 5000 5000 5000 5000
MHI_0 5000 5000 5000 5000
HHI_0 5000 5000 5000 5000
MCH_0 5000 5000 5000 5000
####################### MICEX
SBER 3000 3000 3000 3000 0.5 1000
MGNT 3000 3000 3000 3000
GMKN 3000 3000 3000 3000 0.5 500
LKOH 3000 3000 3000 3000 
GAZP 3000 3000 3000 3000 0.5 1000
VTBR 3000 3000 3000 3000 0.5 1000
USD000UTSTOM 3000 3000 3000 3000 0.5 1000
USD000TODTOM 3000 3000 3000 3000 0.5 1000
USD000UTSTOM 3000 3000 3000 3000 0.5 1000
####################### RTS
RI_0 2500 2500 2500 2500
Si_0 2500 2500 2500 2500 0.5 100
LK_0 2500 2500 2500 2500
GZ_0 2500 2500 2500 2500
SR_0 2500 2500 2500 2500 0.5 100
GM_0 2500 2500 2500 2500
RN_0 2500 2500 2500 2500
####################### BMFEQ
VALE5 2000 2000 2000 2000
VALE5 2000 2000 2000 2000 0.25000 400
VALE5 2000 2000 2000 2000 0 400
VALE5 2000 2000 2000 2000 0.5000 400
VALE5 2000 2000 2000 2000 1.0 0
ITUB4 2000 2000 2000 2000
ITUB4 2000 2000 2000 2000 0.25000 400
ITUB4 2000 2000 2000 2000 0 400
ITUB4 2000 2000 2000 2000 0.5000 400
ITUB4 2000 2000 2000 2000 1.0 0
